#FILENAME= 'hlsp_exo_kepler_phot_KPLR6922244_kep_v1.0_dtr.txt'
#TARGNAME= 'KPLR6922244'
#TELESCOP= 'Kepler'            / Telescope used for observation
#INSTRUME= 'Photometer'        / Instrument used for observation
#RA_TARG =           281.28812 / [deg] target right ascension (J2000)
#DEC_TARG=            42.45106 / [deg] target declination (J2000)
#RMAGTARG=              13.511 / target r magnitude from KIC
#G-R_TARG=               0.375 / target g-r magnitude from KIC
#DATEMIN =      2454953.039062 / earliest observation date
#DATEMAX =      2454997.481225 / latest observation date
#CAD_TIME=           1765.4630 / [s] median time between samples
#TIME_FIL=             0.96692 / fraction of time interval with observations
#FLUXRMS =          3.3627e-04 / rms of sigma-clipped detrended normalized flux
# 
#NPTS    =                2104 / number of time samples
#COLUMN_1= 'HJD'               / Heliocentric Julian Date
#COLUMN_2= 'Detr_Norm_Flux'    / detrended normalized flux in Kepler bandpass
# 
2454953.53976648 0.00115000
2454953.56020133 0.00072300
2454953.58063619 0.00036500
2454953.60107004 0.00078900
2454953.62150489 0.00066300
2454953.64193875 0.00031600
2454953.66237360 0.00031100
2454953.68280845 0.00044100
2454953.70324230 0.00039100
2454953.72367716 0.00002700
2454953.74411201 0.00027700
2454953.76454586 0.00033300
2454953.78498072 0.00030300
2454953.80541457 0.00012100
2454953.82584942 0.00037600
2454953.84628327 -0.00011100
2454953.86671812 0.00003400
2454953.88715298 0.00044200
2454953.90758683 0.00036600
2454953.92802168 0.00034500
2454953.94845553 0.00024700
2454953.96889038 0.00015700
2454953.98932524 0.00037900
2454954.00975909 0.00041700
2454954.03019394 0.00003800
2454954.05062779 -0.00022500
2454954.07106264 -0.00594200
2454954.09149749 -0.00842100
2454954.11193134 -0.00911400
2454954.13236619 -0.00844000
2454954.15280004 -0.00852900
2454954.17323490 -0.00400800
2454954.19366975 0.00009800
2454954.21410360 0.00039400
2454954.23453845 0.00026200
2454954.25497230 0.00006300
2454954.27540715 0.00025100
2454954.29584200 -0.00004200
2454954.31627585 0.00008300
2454954.33671070 0.00043500
2454954.35714455 0.00023100
2454954.37757940 0.00040700
2454954.39801425 0.00026600
2454954.41844810 0.00030600
2454954.43888295 0.00012800
2454954.45931680 0.00019100
2454954.47975165 -0.00003800
2454954.50018550 0.00025100
2454954.52062035 0.00044700
2454954.54105420 0.00045900
2454954.56148905 0.00005700
2454954.58192390 0.00015100
2454954.60235874 0.00015400
2454954.62279259 0.00022500
2454954.64322644 0.00025400
2454954.66366229 0.00031700
2454954.68409714 0.00010900
2454954.70452999 0.00014200
2454954.72496484 0.00033700
2454954.74539968 0.00030100
2454954.76583453 0.00014900
2454954.78626738 0.00063600
2454954.80670223 0.00050400
2454954.82713808 0.00039900
2454954.84757093 0.00013200
2454954.86800577 0.00064500
2454954.88844062 0.00009700
2454954.90887547 0.00032300
2454954.92930932 0.00013100
2454954.94974316 0.00053600
2454954.97017901 0.00022400
2454954.99061286 -0.00009500
2454955.01104670 0.00039100
2454955.03148155 0.00036600
2454955.05191640 0.00068400
2454955.07235125 0.00047200
2454955.09278409 0.00028800
2454955.11321894 0.00061700
2454955.13365479 0.00031800
2454955.15408863 0.00041900
2454955.17452248 0.00029800
2454955.19495733 0.00059100
2454955.21539217 0.00045700
2454955.23582602 0.00032900
2454955.25625986 0.00062300
2454955.27669571 0.00042300
2454955.29712956 0.00001900
2454955.31756340 0.00024500
2454955.33799725 0.00027700
2454955.35843309 0.00015300
2454955.37886794 0.00017700
2454955.39930078 -0.00009000
2454955.41973563 0.00032800
2454955.44017047 0.00031300
2454955.46060532 0.00018200
2454955.48103917 0.00015500
2454955.50147401 0.00001600
2454955.52190886 0.00032500
2454955.54234170 0.00032300
2454955.56277654 0.00036900
2454955.58321239 0.00026000
2454955.60364623 0.00012300
2454955.62408008 0.00018900
2454955.64451492 0.00045500
2454955.66494977 0.00036200
2454955.68538461 0.00034300
2454955.70581745 0.00055000
2454955.72625230 0.00022400
2454955.74668814 0.00008400
2454955.76712199 0.00023300
2454955.78755583 0.00056900
2454955.80798967 0.00020300
2454955.82842552 0.00006900
2454955.84885836 0.00046900
2454955.86929320 0.00031100
2454955.88972905 0.00050900
2454955.91016289 0.00043300
2454955.93059673 0.00051700
2454955.95103058 0.00021000
2454955.97146642 0.00038400
2454955.99190126 0.00061600
2454956.01233410 0.00048600
2454956.03276895 0.00018100
2454956.05320479 0.00026700
2454956.07363863 0.00040700
2454956.09407247 0.00028100
2454956.11450631 -0.00022800
2454956.13494216 0.00025200
2454956.15537500 0.00028500
2454956.17580984 0.00017800
2454956.19624568 0.00031400
2454956.21667952 0.00021700
2454956.23711336 0.00050900
2454956.25754821 0.00073100
2454956.27798305 0.00028900
2454956.29841789 0.00036600
2454956.31885073 0.00043900
2454956.33928557 0.00061500
2454956.35972041 0.00022400
2454956.38015525 0.00001600
2454956.40058909 0.00019000
2454956.42102293 0.00034200
2454956.44145877 0.00042300
2454956.46189262 0.00010000
2454956.48232646 0.00021700
2454956.50276130 0.00063600
2454956.52319614 0.00014500
2454956.54362998 0.00002900
2454956.56406382 0.00056200
2454956.58449966 0.00012000
2454956.60493450 0.00038500
2454956.62536734 0.00032700
2454956.64580217 0.00010300
2454956.66623701 0.00027800
2454956.68667185 0.00028900
2454956.70710569 0.00031500
2454956.72753953 0.00008600
2454956.74797537 0.00036100
2454956.76840921 0.00021300
2454956.78884305 0.00041500
2454956.80927789 0.00026500
2454956.82971273 0.00003800
2454956.85014656 -0.00002700
2454956.87058040 0.00006300
2454956.89101624 0.00013200
2454956.91145108 -0.00011600
2454956.93188392 0.00014900
2454956.95231876 -0.00017000
2454956.97275359 0.00039500
2454956.99318843 0.00017500
2454957.01362127 0.00006900
2454957.03405611 0.00050100
2454957.05449194 -0.00005400
2454957.07492578 0.00003900
2454957.09535962 0.00025400
2454957.11579446 0.00027000
2454957.13622929 0.00019400
2454957.15666413 0.00096600
2454957.17709697 0.00060900
2454957.19753280 0.00007700
2454957.21796664 -0.00001300
2454957.23840048 0.00007700
2454957.25883531 0.00016500
2454957.27927015 0.00012800
2454957.29970499 0.00032000
2454957.32013882 0.00022100
2454957.34057266 0.00062700
2454957.36100849 0.00035100
2454957.38144233 0.00011500
2454957.40187617 0.00027900
2454957.42231100 0.00055100
2454957.44274584 0.00025700
2454957.46318067 0.00011500
2454957.48361351 0.00050300
2454957.50404934 0.00041800
2454957.52448318 0.00027700
2454957.54491701 0.00054900
2454957.56535185 0.00048700
2454957.58578668 -0.00356300
2454957.60622152 -0.00799100
2454957.62665535 -0.00888100
2454957.64708919 -0.00859400
2454957.66752402 -0.00869500
2454957.68795886 -0.00682200
2454957.70839269 -0.00038100
2454957.72882752 0.00044400
2454957.74926236 0.00048100
2454957.76969719 0.00021800
2454957.79013003 0.00004900
2454957.81056486 0.00048400
2454957.83100069 0.00020200
2454957.85143353 0.00052300
2454957.87186836 0.00027700
2454957.89230319 0.00021600
2454957.91273803 0.00039400
2454957.93317086 0.00028700
2454957.95360569 -0.00014400
2454957.97404153 0.00046500
2454957.99447536 0.00014400
2454958.01490919 0.00038500
2454958.03534302 0.00006000
2454958.05577886 0.00024600
2454958.07621369 0.00013300
2454958.09664652 0.00014900
2454958.11708135 0.00014700
2454958.13751618 0.00049900
2454958.15795002 0.00009500
2454958.17838385 0.00033900
2454958.19881968 0.00041800
2454958.21925451 0.00031700
2454958.23968834 0.00025200
2454958.26012217 -0.00002300
2454958.28055701 0.00041500
2454958.30099184 0.00012200
2454958.32142567 0.00046600
2454958.34186050 -0.00002300
2454958.36229533 0.00040300
2454958.38272916 0.00048000
2454958.40316299 0.00044100
2454958.42359782 0.00048100
2454958.44403265 0.00017000
2454958.46446648 0.00038300
2454958.48490131 0.00027200
2454958.50533614 0.00038600
2454958.52577097 0.00049800
2454958.54620380 0.00052400
2454958.56663863 0.00020800
2454958.58707446 0.00029300
2454958.60750829 0.00013400
2454958.62794112 0.00047300
2454958.64837595 0.00007300
2454958.66881178 0.00023900
2454958.68924661 0.00033500
2454958.70967944 0.00023400
2454958.73011426 0.00026700
2454958.75054909 0.00009800
2454958.77098392 0.00055100
2454958.79141675 0.00052900
2454958.81185258 0.00029800
2454958.83228741 0.00045300
2454958.85272024 0.00044000
2454958.87315506 0.00022600
2454958.89358989 0.00037400
2454958.91402472 0.00018900
2454958.93445855 0.00011900
2454958.95489238 0.00021300
2454958.97532820 0.00021500
2454958.99576203 0.00026800
2454959.01619586 0.00034100
2454959.03663068 0.00052700
2454959.05706551 0.00021100
2454959.07750034 0.00038100
2454959.09793417 0.00048700
2454959.11836899 0.00059700
2454959.13880382 0.00065900
2454959.15923665 0.00057400
2454959.17967147 0.00028600
2454959.20010730 0.00011300
2454959.22054112 0.00031600
2454959.24097495 0.00026000
2454959.26140878 0.00066200
2454959.28184460 0.00108800
2454959.30227843 0.00038700
2454959.32271225 0.00040700
2454959.34314708 0.00019200
2454959.36358190 0.00066700
2454959.38401673 0.00370900
2454959.40444955 0.00024900
2454959.42488438 0.00006700
2454959.44532020 0.00049600
2454959.46575303 0.00020600
2454959.48618785 0.00015600
2454959.50662268 -0.00004200
2454959.52705750 0.00025200
2454959.54749033 -0.00001000
2454959.56792515 -0.00007800
2454959.58836098 0.00002100
2454959.60879580 0.00018700
2454959.62922862 0.00028200
2454959.64966245 0.00006400
2454959.67009827 0.00036700
2454959.69053310 -0.00000100
2454959.71096692 0.00022700
2454959.73140074 0.00011900
2454959.75183557 0.00060800
2454959.77226939 -0.00002700
2454959.79270421 0.00015800
2454959.81313903 0.00010900
2454959.83357386 0.00033000
2454959.85400768 0.00016400
2454959.87444150 0.00032300
2454959.89487732 0.00003700
2454959.91531115 0.00023300
2454959.93574497 0.00037000
2454959.95617979 0.00023900
2454959.97661461 0.00007300
2454959.99704943 0.00010900
2454960.01748226 0.00005000
2454960.03791708 0.00015200
2454960.05835290 0.00023900
2454960.07878672 0.00012400
2454960.09922054 0.00031200
2454960.11965536 0.00030300
2454960.14009018 0.00020600
2454960.16052401 0.00035000
2454960.18095783 0.00029200
2454960.20139365 0.00054200
2454960.22182847 0.00023700
2454960.24226129 0.00068500
2454960.26269511 0.00072900
2454960.28313093 -0.00002800
2454960.30356575 0.00041900
2454960.32399857 0.00009300
2454960.34443339 0.00039200
2454960.36486821 0.00009500
2454960.38530303 0.00055100
2454960.40573685 0.00028100
2454960.42617167 -0.00006800
2454960.44660649 0.00007400
2454960.46704030 -0.00007400
2454960.48747412 0.00012900
2454960.50790994 0.00028300
2454960.52834376 0.00041300
2454960.54877758 0.00032000
2454960.56921240 0.00036700
2454960.58964722 0.00014400
2454960.61008104 0.00038000
2454960.63051485 0.00003900
2454960.65094967 0.00031400
2454960.67138549 0.00039300
2454960.69181931 0.00023200
2454960.71225312 0.00020300
2454960.73268694 0.00027100
2454960.75312276 0.00023400
2454960.77355558 0.00038800
2454960.79399039 0.00026400
2454960.81442621 0.00020500
2454960.83486003 -0.00013200
2454960.85529385 0.00054000
2454960.87572766 0.00067200
2454960.89616348 0.00012400
2454960.91659830 0.00028500
2454960.93703111 0.00034700
2454960.95746593 0.00027100
2454960.97790074 0.00045200
2454960.99833556 0.00046200
2454961.01876938 0.00026200
2454961.03920319 0.00001300
2454961.05963901 0.00021500
2454961.08007382 0.00067600
2454961.10050664 -0.00093600
2454961.12094145 -0.00731200
2454961.14137627 -0.00844500
2454961.16181008 -0.00855400
2454961.18224390 -0.00790800
2454961.20267971 -0.00779000
2454961.22311453 -0.00240800
2454961.24354734 0.00046600
2454961.26398216 0.00048000
2454961.28441697 0.00021300
2454961.30485179 0.00051500
2454961.32528560 0.00015100
2454961.34571941 0.00018900
2454961.36615523 0.00024900
2454961.38658804 0.00033600
2454961.40702286 0.00036800
2454961.42745767 0.00008800
2454961.44789248 0.00022500
2454961.46832630 0.00055600
2454961.48876011 0.00044700
2454961.50919592 0.00084700
2454961.52963073 0.00042200
2454961.55006355 0.00052300
2454961.57049836 0.00020900
2454961.59093417 0.00014600
2454961.61136798 0.00023400
2454961.63180080 0.00039700
2454961.65223561 0.00048800
2454961.67267142 0.00039000
2454961.69310623 0.00040600
2454961.71353904 0.00032400
2454961.73397386 0.00005400
2454961.75440867 0.00013600
2454961.77484148 0.00000600
2454961.79527729 0.00014700
2454961.81571210 0.00013800
2454961.83614691 0.00042000
2454961.85657972 0.00020800
2454961.87701353 0.00025000
2454961.89745034 0.00006800
2454961.91788416 0.00048000
2454961.93831797 0.00012300
2454961.95875178 -0.00002100
2454961.97918659 0.00038900
2454961.99962140 0.00022500
2454962.02005521 0.00042100
2454962.04049002 0.00026700
2454962.06092482 0.00020000
2454962.08135963 0.00011300
2454962.10179244 -0.00006500
2454962.12222825 0.00031500
2454962.14266306 0.00027400
2454962.16309587 0.00026500
2454962.18353068 0.00025800
2454962.20396549 0.00041500
2454962.22439930 0.00025100
2454962.24483411 0.00015800
2454962.26526791 0.00053600
2454962.28570372 0.00011000
2454962.30613753 0.00033500
2454962.32657134 0.00033500
2454962.34700515 0.00075900
2454962.36744095 0.00004100
2454962.38787576 0.00027400
2454962.40830857 0.00034600
2454962.42874438 0.00008800
2454962.44917818 -0.00011200
2454962.46961199 0.00051700
2454962.49004680 0.00024000
2454962.51048160 0.00028200
2454962.53091641 0.00005500
2454962.55134922 0.00020900
2454962.57178402 0.00093600
2454962.59221983 0.00040200
2454962.61265364 0.00061300
2454962.63308744 0.00029600
2454962.65352125 0.00042700
2454962.67395705 0.00045400
2454962.69439186 0.00012900
2454962.71482467 0.00028500
2454962.73526047 0.00033400
2454962.75569428 0.00037700
2454962.77612808 0.00019500
2454962.79656289 0.00022500
2454962.81699869 0.00039100
2454962.83743250 0.00031600
2454962.85786530 0.00037300
2454962.87830011 0.00015100
2454962.89873491 0.00025100
2454962.91917071 0.00008500
2454962.93960352 -0.00004800
2454962.96003732 0.00029300
2454962.98047313 -0.00024600
2454963.00090693 0.00046700
2454963.02134073 0.00026400
2454963.04177554 -0.00004000
2454963.06221134 0.00025300
2454963.08264414 0.00025900
2454963.10307795 0.00032800
2454963.12351375 0.00001600
2454963.14394755 0.00020700
2454963.16438235 0.00021000
2454963.18481616 0.00050900
2454963.20525196 0.00012800
2454963.22568576 0.00006100
2454963.24611856 0.00007600
2454964.51214200 0.00050900
2454964.53257679 0.00068300
2454964.55301059 0.00035300
2454964.57344538 0.00058700
2454964.59387917 0.00057400
2454964.61431397 0.00009000
2454964.63474776 -0.00507200
2454964.65518255 -0.00844800
2454964.67561735 -0.00880500
2454964.69605114 -0.00911800
2454964.71648593 -0.00870700
2454964.73691972 -0.00507200
2454964.75735452 0.00019200
2454964.77778931 0.00022500
2454964.79822310 0.00040200
2454964.81865789 0.00014500
2454964.83909168 0.00021500
2454964.85952647 0.00012700
2454964.87996127 0.00029200
2454964.90039506 0.00027900
2454964.92082985 0.00077900
2454964.94126364 0.00031700
2454964.96169843 0.00048300
2454964.98213322 0.00057300
2454965.00256701 0.00032800
2454965.02300180 -0.00006700
2454965.04343559 0.00046700
2454965.06387038 -0.00000700
2454965.08430517 0.00054400
2454965.10473896 0.00035200
2454965.12517375 -0.00002200
2454965.14560754 0.00033500
2454965.16604233 0.00040700
2454965.18647712 0.00007800
2454965.20691091 0.00011700
2454965.22734570 -0.00029000
2454965.24777949 -0.00008000
2454965.26821427 0.00035200
2454965.28864906 0.00008200
2454965.30908285 0.00055000
2454965.32951764 0.00023900
2454965.34995143 0.00041300
2454965.37038622 0.00026400
2454965.39082100 0.00029800
2454965.41125479 0.00053000
2454965.43168958 0.00001700
2454965.45212337 0.00037000
2454965.47255815 0.00026800
2454965.49299294 0.00033600
2454965.51342673 0.00028300
2454965.53386151 0.00032200
2454965.55429530 0.00046400
2454965.57473009 0.00051200
2454965.59516387 0.00051800
2454965.61559866 0.00052400
2454965.63603345 0.00009800
2454965.65646723 0.00028500
2454965.67690202 0.00042200
2454965.69733680 0.00034500
2454965.71777059 0.00036100
2454965.73820537 0.00024400
2454965.75863916 -0.00007000
2454965.77907395 0.00059300
2454965.79950773 0.00014000
2454965.81994251 0.00043200
2454965.84037730 0.00011800
2454965.86081108 0.00013600
2454965.88124587 -0.00007300
2454965.90168065 0.00032900
2454965.92211444 0.00026000
2454965.94254922 0.00017500
2454965.96298300 0.00076300
2454965.98341779 0.00021500
2454966.00385157 0.00017800
2454966.02428636 0.00037500
2454966.04472114 0.00008600
2454966.06515492 0.00036000
2454966.08558970 -0.00000400
2454966.10602349 0.00054700
2454966.12645827 0.00018600
2454966.14689305 0.00017200
2454966.16732683 0.00036300
2454966.18776162 0.00019600
2454966.20819640 0.00011200
2454966.22863018 0.00027000
2454966.24906496 0.00028400
2454966.26949874 0.00082400
2454966.28993353 0.00026900
2454966.31036731 0.00025900
2454966.33080209 0.00017900
2454966.35123687 0.00022300
2454966.37167065 0.00018000
2454966.39210543 0.00052300
2454966.41253921 -0.00001900
2454966.43297399 0.00018800
2454966.45340877 0.00069700
2454966.47384255 0.00048800
2454966.49427733 0.00053600
2454966.51471111 0.00039100
2454966.53514589 0.00035700
2454966.55558067 0.00003200
2454966.57601445 0.00036400
2454966.59644923 0.00053000
2454966.61688301 -0.00006100
2454966.63731779 0.00050500
2454966.65775257 0.00005000
2454966.67818635 0.00036600
2454966.69862113 0.00015600
2454966.71905490 0.00019200
2454966.73948968 0.00032100
2454966.75992446 0.00029100
2454966.78035824 0.00031100
2454966.80079302 0.00018200
2454966.82122679 0.00036600
2454966.84166157 0.00034500
2454966.86209635 0.00030800
2454966.88253013 0.00038500
2454966.90296490 0.00009100
2454966.92339868 0.00040000
2454966.94383346 0.00029800
2454966.96426823 0.00012200
2454966.98470201 0.00014300
2454967.00513679 0.00011700
2454967.02557056 0.00030700
2454967.04600534 0.00039300
2454967.06644011 -0.00000800
2454967.08687389 0.00056100
2454967.10730867 0.00014800
2454967.12774244 0.00056000
2454967.14817722 0.00016700
2454967.16861199 0.00016200
2454967.18904577 0.00016200
2454967.20948054 0.00036500
2454967.22991432 0.00029600
2454967.25034909 0.00040400
2454967.27078287 0.00029900
2454967.29121764 0.00001800
2454967.31165241 0.00046400
2454967.33208619 0.00042300
2454967.35252096 0.00070300
2454967.37295474 0.00042600
2454967.41382428 0.00011400
2454967.43425805 0.00007300
2454967.45469283 0.00053200
2454967.47512660 0.00036100
2454967.49556137 0.00023300
2454967.51599615 0.00040600
2454967.53642992 0.00049000
2454967.55686469 0.00045100
2454967.57729846 0.00036800
2454967.59773323 0.00058300
2454967.61816801 0.00030000
2454967.63860178 0.00017500
2454967.65903655 -0.00009000
2454967.67947032 0.00017300
2454967.69990509 0.00025900
2454967.72033986 0.00016800
2454967.74077363 -0.00016100
2454967.76120841 -0.00019300
2454967.78164218 -0.00003400
2454967.80207695 0.00071900
2454967.82251172 0.00021700
2454967.84294549 0.00040700
2454967.86338026 -0.00000800
2454967.88381403 -0.00001400
2454967.90424880 0.00017300
2454967.92468357 0.00035000
2454967.94511734 -0.00027000
2454967.96555210 0.00017900
2454967.98598587 0.00055600
2454968.00642064 0.00039400
2454968.02685541 0.00006100
2454968.04728918 0.00019400
2454968.06772395 0.00004200
2454968.08815772 0.00014900
2454968.10859249 0.00012200
2454968.12902725 0.00071600
2454968.14946102 -0.00198300
2454968.16989579 -0.00750100
2454968.19032956 -0.00851700
2454968.21076432 -0.00909900
2454968.23119909 -0.00853700
2454968.25163286 -0.00699200
2454968.27206762 -0.00132700
2454968.29250139 0.00022400
2454968.31293616 0.00058900
2454968.33337092 0.00017300
2454968.35380469 0.00033900
2454968.37423946 0.00026300
2454968.39467322 0.00044300
2454968.41510799 -0.00010200
2454968.43554175 0.00001100
2454968.45597652 0.00023400
2454968.47641129 0.00023100
2454968.49684505 0.00015400
2454968.51727982 0.00045300
2454968.53771458 0.00034000
2454968.55814835 -0.00006800
2454968.57858311 -0.00000300
2454968.59901688 -0.00012100
2454968.61945164 0.00003400
2454968.63988540 0.00069900
2454968.66032017 0.00071200
2454968.68075493 0.00041500
2454968.70118869 0.00050000
2454968.72162346 0.00045800
2454968.74205822 0.00037000
2454968.76249198 0.00029000
2454968.78292675 0.00041500
2454968.80336051 0.00060400
2454968.82379527 0.00013300
2454968.84422904 0.00027900
2454968.86466380 0.00023900
2454968.88509856 0.00035900
2454968.90553232 0.00048300
2454968.92596708 0.00020000
2454968.94640085 0.00012900
2454968.96683561 0.00026700
2454968.98727037 0.00028300
2454969.00770413 0.00035000
2454969.02813889 0.00024500
2454969.04857265 0.00070600
2454969.06900741 -0.00000300
2454969.08944217 0.00000200
2454969.10987593 0.00006700
2454969.13031070 0.00022700
2454969.15074446 0.00015100
2454969.17117922 0.00001700
2454969.19161397 0.00085700
2454969.21204774 -0.00024500
2454969.23248249 0.00055500
2454969.25291625 0.00032400
2454969.27335101 0.00029600
2454969.29378577 0.00008200
2454969.31421953 0.00027900
2454969.33465429 0.00004700
2454969.35508805 0.00050200
2454969.37552281 -0.00000900
2454969.39595757 0.00056800
2454969.41639132 0.00056900
2454969.43682608 -0.00003300
2454969.45725984 -0.00002300
2454969.47769460 0.00046700
2454969.49812935 0.00026200
2454969.51856311 0.00016300
2454969.53899787 -0.00002200
2454969.55943163 -0.00021400
2454969.57986638 0.00046500
2454969.60030114 0.00060200
2454969.62073490 0.00030500
2454969.64116965 0.00039400
2454969.66160341 0.00022700
2454969.68203816 0.00037300
2454969.70247292 0.00045200
2454969.72290668 -0.00017500
2454969.74334143 0.00080500
2454969.76377519 0.00041300
2454969.78420994 0.00002800
2454969.80464370 0.00027000
2454969.82507845 -0.00000300
2454969.84551321 0.00042100
2454969.86594696 0.00049200
2454969.88638172 0.00051700
2454969.90681647 0.00054900
2454969.92725022 0.00060500
2454969.94768498 0.00017700
2454969.96811873 0.00026800
2454969.98855349 0.00015000
2454970.00898724 0.00028600
2454970.02942199 0.00037300
2454970.04985675 0.00012500
2454970.07029050 0.00007500
2454970.09072525 0.00020000
2454970.11116000 0.00018700
2454970.13159376 0.00044500
2454970.15202851 0.00031100
2454970.17246226 -0.00002200
2454970.19289701 -0.00001600
2454970.21333076 0.00018000
2454970.23376552 0.00025800
2454970.25420027 0.00000800
2454970.27463402 0.00029200
2454970.29506877 0.00013700
2454970.31550252 -0.00004600
2454970.33593727 0.00029900
2454970.35637202 0.00007800
2454970.39724052 0.00034000
2454970.41767427 0.00022200
2454970.43810902 0.00046800
2454970.45854377 0.00047200
2454970.47897752 0.00025800
2454970.49941227 0.00017500
2454970.51984602 0.00029800
2454970.54028077 0.00091700
2454970.56071552 0.00086400
2454970.58114927 0.00027300
2454970.60158402 0.00019500
2454970.62201777 0.00041300
2454970.64245252 0.00043300
2454970.66288726 0.00019300
2454970.68332101 0.00014300
2454970.70375576 0.00027500
2454970.72418951 0.00021800
2454970.74462426 0.00048900
2454970.76505900 0.00078800
2454970.78549275 0.00094600
2454970.80592750 0.00043400
2454970.82636124 0.00033200
2454970.84679599 -0.00025100
2454970.86723074 0.00038300
2454970.88766448 -0.00028300
2454970.90809923 0.00008300
2454970.92853298 0.00018100
2454970.94896772 0.00022100
2454970.96940147 -0.00029400
2454970.98983621 0.00048400
2454971.01027096 0.00047600
2454971.03070470 0.00042600
2454971.05113945 0.00017200
2454971.07157419 0.00022700
2454971.09200794 0.00022200
2454971.11244268 0.00053400
2454971.13287643 -0.00000700
2454971.15331117 0.00032400
2454971.17374492 0.00044000
2454971.19417966 0.00019600
2454971.21461440 -0.00001900
2454971.23504815 0.00002900
2454971.25548289 0.00096600
2454971.27591763 0.00066200
2454971.29635138 0.00052100
2454971.31678612 0.00071400
2454971.33721986 0.00028200
2454971.35765460 -0.00011000
2454971.37808935 0.00018200
2454971.39852309 0.00018000
2454971.41895783 -0.00007100
2454971.43939157 0.00022700
2454971.45982631 -0.00014000
2454971.48026006 0.00024800
2454971.50069480 -0.00030400
2454971.52112954 0.00092300
2454971.54156328 0.00059400
2454971.56199802 0.00070600
2454971.58243176 0.00013200
2454971.60286650 0.00005600
2454971.62330124 0.00010300
2454971.64373498 0.00011200
2454971.66416972 -0.00057200
2454971.68460346 -0.00636900
2454971.70503820 -0.00886000
2454971.72547294 -0.00928100
2454971.74590668 -0.00897900
2454971.76634142 -0.00853000
2454971.78677516 -0.00382700
2454971.80720990 0.00021100
2454971.82764464 0.00047500
2454971.84807837 0.00063400
2454971.86851311 0.00089600
2454971.88894685 -0.00002000
2454971.90938159 0.00054300
2454971.92981633 0.00036000
2454971.95025006 0.00023700
2454971.97068480 0.00011800
2454971.99111854 0.00029300
2454972.01155328 0.00053800
2454972.03198801 0.00003200
2454972.05242175 0.00027100
2454972.07285649 -0.00013700
2454972.09329022 0.00040500
2454972.11372496 -0.00001000
2454972.13415970 0.00011200
2454972.15459343 0.00048000
2454972.17502817 0.00002900
2454972.19546190 0.00019300
2454972.21589664 0.00040300
2454972.23633137 0.00064800
2454972.25676511 0.00009300
2454972.27719984 0.00023200
2454972.29763358 0.00007400
2454972.31806831 0.00035600
2454972.33850305 0.00003900
2454972.35893678 0.00020600
2454972.37937152 -0.00002100
2454972.39980525 -0.00001600
2454972.42023998 0.00018600
2454972.44067472 0.00008000
2454972.46110845 0.00060500
2454972.48154318 0.00035000
2454972.50197692 0.00041700
2454972.52241165 0.00060500
2454972.54284538 0.00055100
2454972.56328011 0.00013800
2454972.58371485 0.00051900
2454972.60414858 0.00062300
2454972.62458331 0.00042100
2454972.64501704 0.00021000
2454972.66545177 0.00052300
2454972.68588650 0.00012100
2454972.70632024 0.00054300
2454972.72675497 0.00031400
2454972.74718870 0.00028400
2454972.76762343 0.00037300
2454972.78805816 0.00060600
2454972.80849189 0.00036900
2454972.82892662 0.00029600
2454972.84936035 0.00037400
2454972.86979508 -0.00011500
2454972.89022981 0.00014600
2454972.91066354 0.00023900
2454972.93109827 0.00008700
2454972.95153300 -0.00008600
2454972.97196673 0.00024000
2454972.99240146 -0.00014200
2454973.01283518 0.00029600
2454973.03326991 0.00061400
2454973.05370364 -0.00012400
2454973.07413837 0.00002900
2454973.09457310 -0.00007200
2454973.11500682 0.00001300
2454973.13544155 0.00041900
2454973.15587528 0.00011600
2454973.17631001 0.00017800
2454973.19674473 0.00040600
2454973.21717846 0.00035200
2454973.23761319 -0.00007000
2454973.25804691 0.00014000
2454973.27848164 -0.00006000
2454973.29891637 0.00037400
2454973.31935009 0.00020500
2454973.33978482 0.00028600
2454973.38065327 0.00020000
2454973.40108799 0.00056400
2454973.42152172 0.00022800
2454973.44195644 0.00015200
2454973.46239017 0.00062800
2454973.48282489 0.00066000
2454973.50325962 0.00042100
2454973.52369334 0.00054100
2454973.54412807 0.00025200
2454973.56456179 0.00024600
2454973.58499651 0.00013000
2454973.60543124 0.00027900
2454973.62586496 0.00061800
2454973.64629968 0.00116600
2454973.66673341 0.00076800
2454973.68716813 0.00059700
2454973.70760285 0.00041300
2454973.72803657 0.00010400
2454973.74847130 0.00037400
2454973.76890502 0.00017200
2454973.78933974 0.00034200
2454973.80977346 0.00011000
2454973.83020818 0.00095900
2454973.85064291 0.00125500
2454973.87107663 0.00053100
2454973.89151135 0.00027500
2454973.91194607 0.00040400
2454973.93237979 -0.00004600
2454973.95281451 0.00029400
2454973.97324823 0.00021000
2454973.99368295 -0.00008700
2454974.01411667 0.00037400
2454974.03455139 0.00091400
2454974.05498611 0.00018300
2454974.07541983 0.00012800
2454974.09585455 -0.00002900
2454974.11628827 0.00040000
2454974.13672299 0.00006800
2454974.15715770 0.00029200
2454974.17759142 -0.00028900
2454974.19802614 0.00018300
2454974.21845986 0.00080600
2454974.23889458 0.00078100
2454974.25932929 0.00035400
2454974.27976301 0.00003700
2454974.30019773 0.00066000
2454974.32063145 0.00010000
2454974.34106616 0.00043300
2454974.36150088 -0.00006600
2454974.38193460 0.00016300
2454974.40236931 0.00033500
2454974.42280303 0.00069700
2454974.44323775 0.00092500
2454974.46367246 0.00057100
2454974.48410618 0.00013500
2454974.50454089 -0.00009700
2454974.52497461 -0.00009100
2454974.54540932 0.00015900
2454974.56584404 0.00012200
2454974.58627775 -0.00013400
2454974.60671247 -0.00001000
2454974.62714618 -0.00010200
2454974.64758090 -0.00011400
2454974.66801561 0.00065400
2454974.68844933 0.00056000
2454974.70888404 0.00010100
2454974.72931775 0.00010900
2454974.74975247 0.00043300
2454974.77018718 0.00027700
2454974.79062089 0.00020300
2454974.81105561 0.00018000
2454974.83148932 -0.00000600
2454974.85192403 -0.00024600
2454974.87235874 0.00024900
2454974.89279245 -0.00003500
2454974.91322717 0.00053800
2454974.93366088 0.00109700
2454974.95409559 0.00068600
2454974.97452930 0.00041100
2454974.99496401 0.00015100
2454975.01539872 0.00028100
2454975.03583243 0.00038200
2454975.05626715 0.00054200
2454975.07670186 0.00016800
2454975.09713557 0.00032800
2454975.11757028 0.00032200
2454975.13800399 0.00046000
2454975.15843870 0.00034300
2454975.17887241 -0.00017900
2454975.19930711 -0.00475700
2454975.21974182 -0.00863300
2454975.24017553 -0.00826000
2454975.26061024 -0.00815400
2454975.28104495 -0.00848600
2454975.30147866 -0.00619800
2454975.32191337 -0.00019800
2454975.34234707 0.00031400
2454975.36278178 0.00031900
2454975.38321549 0.00022600
2454975.40365020 0.00014100
2454975.42408491 0.00024200
2454975.44451861 0.00035900
2454975.46495332 0.00039600
2454975.48538703 0.00027900
2454975.50582173 0.00042900
2454975.52625644 0.00080500
2454975.54669015 -0.00010000
2454975.56712485 0.00029300
2454975.58755856 0.00023200
2454975.60799326 0.00035200
2454975.62842797 0.00029000
2454975.64886167 0.00056700
2454975.66929638 0.00045600
2454975.68973008 0.00041900
2454975.71016479 0.00023000
2454975.73059949 0.00018200
2454975.75103320 0.00017700
2454975.77146790 0.00032700
2454975.79190161 0.00005900
2454975.81233631 -0.00002000
2454975.83277101 -0.00008600
2454975.85320472 -0.00011000
2454975.87363942 0.00016800
2454975.89407312 -0.00001000
2454975.91450782 0.00052700
2454975.93494253 0.00013000
2454975.95537623 0.00052200
2454975.97581093 0.00025200
2454975.99624463 0.00013000
2454976.01667934 0.00056100
2454976.03711404 0.00022000
2454976.05754774 0.00025400
2454976.07798244 0.00041800
2454976.09841614 0.00027000
2454976.11885084 0.00039100
2454976.13928554 0.00028800
2454976.15971924 0.00011400
2454976.18015394 0.00004100
2454976.20058764 0.00025900
2454976.22102235 0.00072500
2454976.24145705 0.00003700
2454976.26189074 0.00011200
2454976.28232544 0.00032900
2454976.30275914 0.00005600
2454976.32319384 0.00018700
2454976.36406224 0.00000800
2454976.38449694 -0.00015600
2454976.40493064 0.00054700
2454976.42536533 0.00111600
2454976.44580003 0.00040900
2454976.46623373 0.00023500
2454976.48666843 0.00029500
2454976.50710213 0.00040800
2454976.52753682 -0.00005000
2454976.54797152 -0.00002100
2454976.56840522 0.00055300
2454976.58883991 0.00097600
2454976.60927361 0.00028600
2454976.62970831 -0.00003700
2454976.65014200 0.00030800
2454976.67057670 -0.00004800
2454976.69101139 0.00013600
2454976.71144509 0.00047900
2454976.73187978 -0.00002100
2454976.75231348 0.00103000
2454976.77274817 0.00066900
2454976.79318287 0.00035000
2454976.81361656 0.00038100
2454976.83405126 0.00006300
2454976.85448495 -0.00008200
2454976.87491965 0.00016800
2454976.89535434 -0.00001300
2454976.91578803 0.00087100
2454976.93622273 0.00079100
2454976.95665642 0.00045200
2454976.97709111 0.00021800
2454976.99752581 0.00000200
2454977.01795950 0.00001600
2454977.03839419 0.00011100
2454977.05882788 -0.00017500
2454977.07926257 0.00044500
2454977.09969727 0.00109200
2454977.12013096 0.00053700
2454977.14056565 0.00012500
2454977.16099934 0.00053100
2454977.18143403 0.00013300
2454977.20186872 0.00030900
2454977.22230241 -0.00011000
2454977.24273710 -0.00011700
2454977.26317079 0.00033400
2454977.28360548 0.00081900
2454977.30404017 0.00075500
2454977.32447386 0.00038000
2454977.34490855 0.00015400
2454977.36534224 0.00000600
2454977.38577693 -0.00006700
2454977.40621162 0.00020300
2454977.42664531 -0.00013500
2454977.44708000 0.00046900
2454977.46751369 0.00076900
2454977.48794837 0.00054700
2454977.50838206 0.00014000
2454977.52881675 0.00035700
2454977.54925144 0.00013500
2454977.56968512 0.00009900
2454977.59011981 0.00024300
2454977.61055450 0.00023900
2454977.63098819 0.00002200
2454977.65142287 0.00060000
2454977.67185656 0.00083400
2454977.69229124 0.00039500
2454977.71272493 0.00065000
2454977.73315962 0.00019900
2454977.75359430 -0.00008600
2454977.77402799 0.00030700
2454977.79446267 0.00047100
2454977.81489636 -0.00012300
2454977.83533104 0.00035500
2454977.85576573 -0.00014300
2454977.87619941 0.00085400
2454977.89663410 0.00108700
2454977.91706778 0.00012000
2454977.93750246 0.00035200
2454977.95793715 0.00014300
2454977.97837083 -0.00018700
2454977.99880551 0.00033700
2454978.01923920 -0.00003500
2454978.03967388 -0.00006600
2454978.06010856 0.00015200
2454978.08054225 -0.00019000
2454978.10097693 -0.00004900
2454978.12141161 -0.00016900
2454978.14184529 0.00126400
2454978.16227997 0.00031500
2454978.18271365 0.00023800
2454978.20314834 -0.00002100
2454978.22358202 0.00059100
2454978.24401670 0.00009600
2454978.26445138 0.00007700
2454978.28488506 0.00014700
2454978.30531974 0.00018700
2454978.32575342 0.00031300
2454978.34618810 0.00012000
2454978.36662278 0.00012300
2454978.38705646 -0.00022000
2454978.40749114 0.00079700
2454978.42792482 0.00121800
2454978.44835950 0.00062400
2454978.46879418 0.00039700
2454978.48922785 0.00036800
2454978.50966253 0.00016000
2454978.53009621 0.00052400
2454978.55053089 -0.00007100
2454978.57096557 0.00056300
2454978.59139924 0.00003700
2454978.61183392 0.00040500
2454978.63226760 0.00021600
2454978.65270228 0.00026600
2454978.67313695 0.00000800
2454978.69357063 0.00337100
2454978.71400530 -0.00168500
2454978.73443898 -0.00753400
2454978.75487366 -0.00884800
2454978.77530833 -0.00900700
2454978.79574201 -0.00873900
2454978.81617668 -0.00766100
2454978.83661036 -0.00246600
2454978.85704503 -0.00022100
2454978.87747971 0.00024100
2454978.89791338 0.00061600
2454978.91834806 0.00050100
2454978.93878173 0.00005100
2454978.95921641 0.00028400
2454978.97965008 0.00010100
2454979.00008475 0.00024600
2454979.02051943 -0.00006800
2454979.04095310 0.00033600
2454979.06138777 0.00008300
2454979.08182245 0.00006800
2454979.10225612 0.00027800
2454979.12269079 0.00015000
2454979.14312446 0.00017600
2454979.16355913 0.00006800
2454979.18399281 0.00007800
2454979.20442748 -0.00006800
2454979.22486215 -0.00009000
2454979.24529582 0.00000100
2454979.26573049 -0.00022900
2454979.28616416 0.00013700
2454979.30659883 0.00019900
2454979.34746717 -0.00008500
2454979.36790184 0.00092300
2454979.38833551 0.00109400
2454979.40877018 0.00058100
2454979.42920485 0.00049500
2454979.44963852 0.00033000
2454979.47007319 0.00022500
2454979.49050686 0.00020200
2454979.51094153 0.00074400
2454979.53137620 0.00117600
2454979.55180986 0.00087300
2454979.57224453 0.00016900
2454979.59267820 0.00015600
2454979.61311287 0.00014600
2454979.63354753 -0.00004500
2454979.65398120 0.00085900
2454979.67441587 0.00086600
2454979.69484953 0.00109100
2454979.71528420 0.00047300
2454979.73571887 0.00006200
2454979.75615253 0.00020200
2454979.77658720 0.00009300
2454979.79702087 0.00015500
2454979.81745553 0.00071400
2454979.83789020 0.00094700
2454979.85832386 0.00032300
2454979.87875853 0.00030900
2454979.89919219 0.00025400
2454979.91962685 -0.00011000
2454979.94006152 0.00000400
2454979.96049518 0.00040900
2454979.98092985 0.00071900
2454980.00136351 0.00071000
2454980.02179817 0.00027100
2454980.04223284 0.00005700
2454980.06266650 0.00023200
2454980.08310116 0.00009600
2454980.10353483 -0.00002700
2454980.12396949 0.00087400
2454980.14440315 0.00072200
2454980.16483781 0.00046400
2454980.18527247 0.00016800
2454980.20570614 -0.00011800
2454980.22614080 -0.00001300
2454980.24657546 0.00006300
2454980.26700912 0.00004800
2454980.28744378 0.00051100
2454980.30787744 0.00062400
2454980.32831210 0.00016500
2454980.34874576 0.00018200
2454980.36918042 -0.00015300
2454980.38961508 0.00027300
2454980.41004874 0.00009200
2454980.43048340 0.00009800
2454980.45091806 0.00042600
2454980.47135172 0.00087800
2454980.49178638 0.00015400
2454980.51222004 -0.00010200
2454980.53265469 -0.00014000
2454980.55308835 -0.00001900
2454980.57352301 -0.00008900
2454980.59395767 -0.00001400
2454980.61439133 0.00099100
2454980.63482598 0.00035700
2454980.65525964 0.00022900
2454980.67569430 0.00016200
2454980.69612895 0.00035700
2454980.71656261 0.00031400
2454980.73699727 0.00016900
2454980.75743092 0.00023500
2454980.77786558 0.00065000
2454980.79830023 0.00107100
2454980.81873389 0.00047200
2454980.83916854 0.00012800
2454980.85960220 -0.00005300
2454980.88003685 0.00000900
2454980.90047151 -0.00004800
2454980.92090516 -0.00013400
2454980.94133982 0.00000600
2454980.96177347 0.00060900
2454980.98220813 0.00085800
2454981.00264278 0.00031900
2454981.02307643 0.00023200
2454981.04351109 -0.00020800
2454981.06394474 0.00023400
2454981.08437939 0.00015800
2454981.10481404 -0.00017600
2454981.12524770 0.00002600
2454981.14568235 0.00085700
2454981.16611600 0.00060200
2454981.18655065 0.00050700
2454981.20698530 0.00043200
2454981.22741895 0.00018500
2454981.24785361 0.00041900
2454981.26828726 0.00011200
2454981.28872191 -0.00001500
2454981.30915656 0.00049200
2454981.32959021 0.00031800
2454981.35002486 0.00098600
2454981.37045851 0.00112200
2454981.39089316 0.00020500
2454981.41132781 0.00026200
2454981.43176146 0.00017900
2454981.45219610 -0.00040000
2454981.47262975 0.00023900
2454981.49306440 -0.00023200
2454981.51349905 -0.00035200
2454981.53393270 -0.00013300
2454981.55436735 0.00041600
2454981.57480099 0.00110800
2454981.59523564 0.00093100
2454981.61567029 0.00010100
2454981.63610394 -0.00005800
2454981.65653858 0.00050600
2454981.67697223 0.00023200
2454981.69740688 -0.00006700
2454981.71784052 -0.00029500
2454981.73827517 0.00009100
2454981.75870981 0.00036000
2454981.77914346 0.00019900
2454981.79957811 0.00012900
2454981.82001175 0.00069500
2454981.84044640 0.00073300
2454981.86088104 0.00060700
2454981.88131469 0.00012900
2454981.90174933 0.00012000
2454981.92218297 0.00029200
2454981.94261762 0.00024800
2454981.96305226 0.00028100
2454981.98348590 -0.00004900
2454982.00392055 0.00012100
2454982.02435419 -0.00010500
2454982.04478883 -0.00003400
2454982.06522348 -0.00025200
2454982.08565712 -0.00028400
2454982.10609176 0.00013500
2454982.12652540 0.00055100
2454982.14696005 0.00073000
2454982.16739469 0.00035000
2454982.18782833 0.00017400
2454982.20826297 0.00079600
2454982.22869661 -0.00038500
2454982.24913125 -0.00599800
2454982.26956589 -0.00862100
2454982.28999953 -0.00880500
2454982.33086781 -0.00874300
2454982.35130245 -0.00484600
2454982.37173709 0.00055000
2454982.39217073 0.00084800
2454982.41260537 0.00028900
2454982.43303901 -0.00019100
2454982.45347365 -0.00050600
2454982.47390829 -0.00023500
2454982.49434192 0.00043400
2454982.51477656 0.00077200
2454982.53521020 0.00095000
2454982.55564484 0.00015300
2454982.57607947 0.00019500
2454982.59651311 0.00003300
2454982.61694775 -0.00026100
2454982.63738139 0.00053900
2454982.65781602 0.00116500
2454982.67824966 0.00081800
2454982.69868429 0.00036600
2454982.71911893 0.00040400
2454982.73955256 0.00011600
2454982.75998720 -0.00006500
2454982.78042184 0.00076200
2454982.80085547 0.00071700
2454982.82129011 0.00064300
2454982.84172374 0.00002300
2454982.86215837 0.00014400
2454982.88259301 0.00064400
2454982.90302664 0.00013900
2454982.92346128 0.00048100
2454982.94389491 0.00100700
2454982.96432954 0.00049600
2454982.98476318 0.00003300
2454983.00519781 0.00038200
2454983.02563244 -0.00011000
2454983.04606607 -0.00010600
2454983.06650071 0.00068000
2454983.08693534 0.00058300
2454983.10736897 0.00020600
2454983.12780360 -0.00001700
2454983.14823723 0.00017800
2454983.16867186 0.00015800
2454983.18910549 -0.00036000
2454983.20954013 0.00021200
2454983.22997476 0.00081400
2454983.25040839 0.00100100
2454983.27084302 0.00007800
2454983.29127765 -0.00007000
2454983.31171128 0.00007000
2454983.33214590 -0.00012600
2454983.35257953 0.00044800
2454983.37301416 0.00072400
2454983.39344779 0.00061700
2454983.41388242 0.00034100
2454983.43431705 0.00024300
2454983.45475068 0.00027100
2454983.47518530 -0.00003500
2454983.49561893 -0.00007000
2454983.51605356 0.00081600
2454983.53648819 0.00099500
2454983.55692181 0.00040400
2454983.57735644 0.00021000
2454983.59779007 0.00002100
2454983.61822469 0.00025900
2454983.63865932 0.00009700
2454983.65909295 0.00001200
2454983.67952757 0.00101500
2454983.69996120 0.00094000
2454983.72039582 0.00043100
2454983.74083045 0.00010400
2454983.76126407 -0.00018800
2454983.78169870 -0.00000100
2454983.80213232 -0.00025300
2454983.82256694 0.00030800
2454983.84300157 0.00065400
2454983.86343519 0.00035900
2454983.88386982 -0.00043100
2454983.90430344 -0.00012500
2454983.92473806 -0.00036000
2454983.94517269 -0.00021400
2454983.96560631 -0.00020000
2454983.98604093 0.00009900
2454984.00647455 0.00054000
2454984.02690917 0.00071300
2454984.04734380 -0.00006100
2454984.06777742 0.00010900
2454984.08821204 0.00034100
2454984.10864566 -0.00000900
2454984.12908028 -0.00008700
2454984.14951390 0.00034300
2454984.16994852 0.00085600
2454984.19038314 0.00084000
2454984.21081676 0.00058500
2454984.23125138 0.00040100
2454984.25168600 0.00031200
2454984.27211962 -0.00011900
2454984.29255424 -0.00017100
2454984.31298786 0.00009700
2454984.33342248 0.00061700
2454984.35385610 0.00112900
2454984.37429071 0.00081700
2454984.39472533 0.00037500
2454984.41515895 0.00020800
2454984.43559357 0.00079800
2454984.45602718 0.00007700
2454984.47646180 0.00021500
2454984.49689642 0.00025700
2454984.51733004 0.00021400
2454984.53776465 0.00136200
2454984.55819827 0.00071300
2454984.57863288 0.00009400
2454984.59906750 0.00035800
2454984.61950112 -0.00039000
2454984.63993573 0.00003000
2454984.66036935 -0.00088400
2454984.68080396 0.00037800
2454984.70123858 0.00006000
2454984.72167219 -0.00000300
2454984.74210680 0.00041500
2454984.76254042 0.00108500
2454984.78297503 0.00046800
2454984.80340965 0.00014600
2454984.82384326 0.00009300
2454984.84427787 0.00009700
2454984.86471149 0.00020700
2454984.88514610 0.00025600
2454984.90558071 -0.00010300
2454984.92601432 0.00033700
2454984.94644894 -0.00020900
2454984.96688255 0.00014500
2454984.98731716 0.00066100
2454985.00775177 0.00022300
2454985.02818538 0.00082100
2454985.04861999 0.00009600
2454985.06905360 0.00043100
2454985.08948821 0.00010100
2454985.10992282 0.00024600
2454985.13035643 -0.00004100
2454985.15079104 0.00018900
2454985.17122465 0.00030200
2454985.19165926 -0.00007000
2454985.21209387 -0.00013700
2454985.23252748 -0.00005600
2454985.25296209 -0.00013100
2454985.27339570 -0.00025000
2454985.31426391 0.00090600
2454985.33469852 0.00087600
2454985.35513313 0.00040300
2454985.37556674 -0.00026700
2454985.39600134 -0.00004400
2454985.41643595 0.00026900
2454985.43686956 0.00065700
2454985.45730416 0.00119200
2454985.47773777 0.00042100
2454985.49817238 -0.00012500
2454985.51860598 -0.00018300
2454985.53904059 0.00016200
2454985.55947519 0.00082500
2454985.57990880 0.00116900
2454985.60034340 0.00037600
2454985.62077801 -0.00009000
2454985.64121161 -0.00005800
2454985.66164622 0.00038400
2454985.68207982 0.00054600
2454985.70251442 0.00078000
2454985.72294803 0.00084600
2454985.74338263 0.00045600
2454985.76381723 -0.00314000
2454985.78425084 -0.00799700
2454985.80468544 -0.00916800
2454985.82511904 -0.00811700
2454985.84555364 -0.00803700
2454985.86598825 -0.00663000
2454985.88642185 -0.00109800
2454985.90685645 0.00024400
2454985.92729005 -0.00008500
2454985.94772465 -0.00006500
2454985.96815925 0.00063600
2454985.98859285 0.00099300
2454986.00902745 0.00029800
2454986.02946105 0.00007900
2454986.04989565 -0.00005300
2454986.07033025 0.00005500
2454986.09076385 0.00055800
2454986.11119845 0.00102200
2454986.13163205 0.00067500
2454986.15206665 -0.00003700
2454986.17250125 0.00020000
2454986.19293485 0.00004000
2454986.21336944 -0.00000200
2454986.23380304 0.00070800
2454986.25423764 0.00078500
2454986.27467224 0.00058800
2454986.29510583 0.00027800
2454986.31554043 0.00003500
2454986.33597403 -0.00029200
2454986.35640862 0.00016900
2454986.37684322 0.00102000
2454986.39727682 0.00093200
2454986.41771141 0.00072000
2454986.43814501 -0.00014600
2454986.45857960 0.00010700
2454986.47901420 -0.00019400
2454986.49944779 0.00054400
2454986.51988239 0.00076900
2454986.54031598 0.00075600
2454986.56075058 0.00035300
2454986.58118517 -0.00009700
2454986.60161876 0.00013200
2454986.62205336 0.00004800
2454986.64248695 0.00093100
2454986.66292154 0.00076600
2454986.68335614 0.00048400
2454986.70378973 0.00021100
2454986.72422432 -0.00006700
2454986.74465791 -0.00003200
2454986.76509251 -0.00018100
2454986.78552710 0.00054500
2454986.80596069 0.00103300
2454986.82639528 0.00075800
2454986.84682887 0.00017400
2454986.86726346 -0.00007000
2454986.88769705 -0.00024700
2454986.90813164 -0.00022000
2454986.92856623 0.00016000
2454986.94899982 0.00141600
2454986.96943441 0.00072100
2454986.98986800 -0.00005700
2454987.01030259 -0.00020100
2454987.03073718 -0.00017500
2454987.05117077 0.00002200
2454987.07160536 -0.00010600
2454987.09203895 0.00059800
2454987.11247353 0.00043900
2454987.13290812 -0.00029900
2454987.15334171 -0.00003200
2454987.17377630 0.00004200
2454987.19420988 -0.00025000
2454987.21464447 -0.00004000
2454987.23507906 0.00087100
2454987.25551264 0.00111900
2454987.27594723 0.00021900
2454987.29638082 -0.00003900
2454987.31681540 -0.00015600
2454987.33724999 0.00008500
2454987.35768357 0.00004400
2454987.37811816 0.00011600
2454987.39855174 0.00063900
2454987.41898633 0.00081800
2454987.43942091 0.00055100
2454987.45985450 0.00042700
2454987.48028908 -0.00024900
2454987.50072266 -0.00002000
2454987.52115725 0.00065300
2454987.54159183 -0.00000400
2454987.56202541 0.00065900
2454987.58246000 0.00085900
2454987.60289358 0.00016800
2454987.62332816 -0.00012700
2454987.64376274 0.00017600
2454987.66419632 0.00032900
2454987.68463091 0.00019400
2454987.70506449 0.00013900
2454987.72549907 0.00057500
2454987.74593365 0.00125000
2454987.76636723 0.00033700
2454987.78680181 0.00042400
2454987.80723539 0.00015500
2454987.82766997 0.00021000
2454987.84810355 0.00010100
2454987.86853813 -0.00016600
2454987.88897271 0.00030300
2454987.90940629 0.00124300
2454987.92984087 0.00079000
2454987.95027544 0.00044700
2454987.97070902 0.00015700
2454987.99114360 0.00036100
2454988.01157718 0.00011900
2454988.03201176 -0.00010000
2454988.05244633 0.00002900
2454988.07287991 -0.00002900
2454988.09331449 0.00092200
2454988.11374807 0.00098700
2454988.13418264 0.00013100
2454988.15461622 -0.00015600
2454988.17505079 0.00001300
2454988.19548537 -0.00028000
2454988.21591894 -0.00004600
2454988.23635352 0.00000700
2454988.25678810 -0.00039700
2454988.29765624 0.00072700
2454988.31808982 0.00122400
2454988.33852439 0.00094200
2454988.35895797 0.00017600
2454988.37939254 0.00009200
2454988.39982711 -0.00016700
2454988.42026069 0.00076500
2454988.44069526 0.00108600
2454988.46112983 0.00082700
2454988.48156341 0.00001900
2454988.50199798 0.00027100
2454988.52243155 -0.00019900
2454988.54286612 0.00018800
2454988.56329969 -0.00047700
2454988.58373426 0.00082400
2454988.60416884 0.00074900
2454988.62460241 0.00012700
2454988.64503698 0.00014300
2454988.66547055 0.00019400
2454988.68590512 0.00039700
2454988.70633969 0.00075300
2454988.72677326 0.00078100
2454988.74720783 0.00030700
2454988.76764139 0.00010100
2454988.78807596 -0.00015200
2454988.80851053 0.00046900
2454988.82894410 0.00051400
2454988.84937867 0.00084200
2454988.86981224 -0.00013700
2454988.89024681 0.00000500
2454988.91068137 -0.00016100
2454988.93111494 -0.00004900
2454988.95154951 0.00064600
2454988.97198307 0.00104100
2454988.99241764 0.00081000
2454989.01285221 -0.00027800
2454989.03328577 -0.00003300
2454989.05372034 0.00000000
2454989.07415390 0.00058700
2454989.09458847 0.00078700
2454989.11502304 0.00081400
2454989.13545660 0.00005700
2454989.15589116 0.00002200
2454989.17632473 -0.00001500
2454989.19675929 -0.00002800
2454989.21719386 0.00050900
2454989.23762742 0.00054000
2454989.25806198 0.00009900
2454989.27849555 -0.00146500
2454989.29893011 -0.00722600
2454989.31936367 -0.00886800
2454989.33979824 -0.00870700
2454989.36023280 -0.00842300
2454989.38066636 -0.00699500
2454989.40110092 -0.00307900
2454989.42153548 -0.00032200
2454989.44196904 -0.00037700
2454989.46240361 -0.00024800
2454989.48283717 0.00051100
2454989.50327173 0.00070500
2454989.52370529 0.00051700
2454989.54413985 0.00010600
2454989.56457441 0.00002800
2454989.58500797 0.00002900
2454989.60544253 0.00007000
2454989.62587609 0.00068200
2454989.64631065 0.00100700
2454989.66674520 0.00051800
2454989.68717876 0.00017300
2454989.70761332 0.00017000
2454989.72804688 -0.00009600
2454989.74848144 0.00012600
2454989.76891599 0.00080100
2454989.78934955 0.00092800
2454989.80978411 -0.00000400
2454989.83021767 0.00004400
2454989.85065222 -0.00001000
2454989.87108678 0.00009000
2454989.89152033 0.00031800
2454989.91195489 0.00084100
2454989.93238845 0.00101100
2454989.95282300 0.00040200
2454989.97325756 -0.00027900
2454989.99369111 -0.00008100
2454990.01412567 -0.00004300
2454990.03455922 0.00027300
2454990.05499378 0.00058800
2454990.07542833 0.00130600
2454990.09586188 0.00027400
2454990.11629644 0.00014400
2454990.13672999 0.00006200
2454990.15716454 0.00008300
2454990.17759910 -0.00000800
2454990.19803265 0.00052300
2454990.21846720 0.00096800
2454990.23890075 0.00033800
2454990.25933530 0.00014600
2454990.27976986 0.00007700
2454990.30020341 0.00004600
2454990.32063796 -0.00014800
2454990.34107151 0.00041600
2454990.36150606 0.00120600
2454990.38194061 0.00082900
2454990.40237416 0.00044100
2454990.42280871 0.00039800
2454990.44324226 -0.00015100
2454990.46367681 0.00033300
2454990.48411036 0.00015600
2454990.50454491 0.00091700
2454990.52497946 0.00108400
2454990.54541300 0.00011300
2454990.56584755 0.00044800
2454990.58628210 0.00034600
2454990.60671565 0.00018600
2454990.62715019 -0.00021300
2454990.64758374 0.00014300
2454990.66801829 0.00043000
2454990.68845184 0.00124900
2454990.70888638 0.00032000
2454990.72932093 0.00022700
2454990.74975447 -0.00001800
2454990.77018902 -0.00010500
2454990.79062357 -0.00009100
2454990.81105711 0.00001500
2454990.83149166 0.00044300
2454990.85192520 0.00096900
2454990.87235975 0.00085300
2454990.89279329 0.00023700
2454990.91322783 0.00014500
2454990.93366238 0.00000900
2454990.95409592 -0.00001400
2454990.97453046 0.00012200
2454990.99496401 -0.00009000
2454991.01539855 -0.00011500
2454991.03583309 0.00059400
2454991.05626664 0.00084000
2454991.07670118 0.00033200
2454991.09713472 0.00009400
2454991.11756926 0.00018300
2454991.13800380 -0.00007300
2454991.15843734 -0.00025100
2454991.17887188 0.00011300
2454991.19930543 -0.00017000
2454991.21973997 0.00004000
2454991.24017451 0.00078400
2454991.28104259 -0.00015400
2454991.30147612 0.00000600
2454991.32191066 -0.00020900
2454991.34234520 0.00073100
2454991.36277874 0.00090400
2454991.38321328 0.00086800
2454991.40364682 0.00041100
2454991.42408136 0.00021100
2454991.44451589 -0.00034700
2454991.46494943 0.00040600
2454991.48538397 0.00124500
2454991.50581751 0.00083300
2454991.52625204 0.00040800
2454991.54668658 -0.00007800
2454991.56712012 -0.00025400
2454991.58755465 0.00033300
2454991.60798819 0.00078000
2454991.62842272 0.00108200
2454991.64885726 0.00065300
2454991.66929079 0.00020500
2454991.68972533 0.00009400
2454991.71015886 -0.00017100
2454991.73059340 0.00063100
2454991.75102793 0.00076200
2454991.77146146 0.00060400
2454991.79189600 0.00006700
2454991.81232953 -0.00021400
2454991.83276406 -0.00007000
2454991.85319860 0.00058300
2454991.87363213 0.00097100
2454991.89406666 0.00070300
2454991.91450019 0.00009900
2454991.93493473 -0.00036600
2454991.95536926 -0.00016700
2454991.97580279 0.00017000
2454991.99623732 0.00070900
2454992.01667085 0.00098700
2454992.03710538 0.00056400
2454992.05753891 -0.00019900
2454992.07797344 -0.00008700
2454992.09840797 0.00033600
2454992.11884150 0.00068000
2454992.13927603 0.00108700
2454992.15970956 0.00032200
2454992.18014409 -0.00005300
2454992.20057862 -0.00044800
2454992.22101215 -0.00015500
2454992.24144667 0.00068700
2454992.26188020 0.00071300
2454992.28231473 0.00018600
2454992.30274926 -0.00026700
2454992.32318278 -0.00011100
2454992.34361731 -0.00049600
2454992.36405084 0.00090400
2454992.38448536 0.00075400
2454992.40491989 0.00007900
2454992.42535342 -0.00033100
2454992.44578794 -0.00049900
2454992.46622147 0.00006000
2454992.48665599 0.00035000
2454992.50709052 0.00093800
2454992.52752404 0.00077400
2454992.54795857 -0.00011200
2454992.56839209 -0.00011600
2454992.58882661 -0.00029100
2454992.60926114 0.00033800
2454992.62969466 0.00071500
2454992.65012918 0.00049600
2454992.67056271 0.00043500
2454992.69099723 0.00003700
2454992.71143175 -0.00009000
2454992.73186528 0.00003900
2454992.75229980 0.00089100
2454992.77273332 0.00073500
2454992.79316784 0.00047000
2454992.81360236 -0.00473200
2454992.83403588 -0.00849600
2454992.85447040 -0.00914600
2454992.87490392 -0.00906300
2454992.89533844 -0.00775000
2454992.91577296 -0.00490100
2454992.93620648 -0.00024600
2454992.95664100 -0.00030800
2454992.97707452 -0.00028200
2454992.99750904 0.00006100
2454993.01794356 0.00049500
2454993.03837708 0.00130800
2454993.05881160 0.00048300
2454993.07924511 -0.00012600
2454993.09967963 -0.00028000
2454993.12011315 -0.00032000
2454993.14054767 0.00048900
2454993.16098218 0.00081400
2454993.18141570 0.00084000
2454993.20185022 0.00028300
2454993.22228473 0.00013600
2454993.24271825 -0.00006800
2454993.26315277 0.00032800
2454993.28358628 0.00101300
2454993.30402080 0.00086500
2454993.32445431 0.00055300
2454993.34488883 0.00005600
2454993.36532334 0.00007500
2454993.38575685 0.00005400
2454993.40619137 0.00031300
2454993.42662588 0.00054700
2454993.44705939 0.00105700
2454993.46749391 0.00054500
2454993.48792742 0.00005900
2454993.50836193 -0.00020600
2454993.52879545 -0.00034600
2454993.54922996 0.00058500
2454993.56966447 0.00108600
2454993.59009798 0.00077300
2454993.61053249 -0.00006800
2454993.63096600 0.00011400
2454993.65140052 0.00019700
2454993.67183503 -0.00064300
2454993.69226854 0.00055700
2454993.71270305 0.00058300
2454993.73313656 0.00089000
2454993.75357107 0.00016800
2454993.77400558 -0.00000900
2454993.79443909 -0.00019000
2454993.81487359 -0.00014000
2454993.83530710 0.00001600
2454993.85574161 0.00086000
2454993.87617612 0.00095900
2454993.89660963 -0.00004100
2454993.91704414 0.00017200
2454993.93747764 0.00000500
2454993.95791215 -0.00031700
2454993.97834666 -0.00010300
2454993.99878016 0.00028100
2454994.01921467 0.00078500
2454994.03964818 0.00052100
2454994.06008268 0.00022000
2454994.08051719 -0.00048400
2454994.10095069 0.00037100
2454994.12138520 -0.00036600
2454994.14181870 -0.00041900
2454994.16225321 0.00123800
2454994.18268771 0.00061300
2454994.20312122 0.00025200
2454994.22355572 0.00001600
2454994.26442373 -0.00015900
2454994.28485723 0.00022600
2454994.30529173 0.00090100
2454994.32572624 0.00120700
2454994.34615974 0.00034900
2454994.36659424 -0.00020200
2454994.38702874 -0.00015600
2454994.40746224 0.00047500
2454994.42789675 0.00078100
2454994.44833025 0.00091000
2454994.46876475 0.00092800
2454994.48919825 0.00004900
2454994.50963275 -0.00054700
2454994.53006725 0.00009300
2454994.55050075 0.00055700
2454994.57093525 0.00094500
2454994.59136975 0.00062400
2454994.61180325 0.00005700
2454994.63223775 -0.00013400
2454994.65267124 -0.00025100
2454994.67310574 0.00042900
2454994.69353924 0.00067300
2454994.71397374 0.00086500
2454994.73440824 0.00041000
2454994.75484173 0.00040900
2454994.77527623 0.00002200
2454994.79570973 0.00034900
2454994.81614422 0.00076700
2454994.83657872 0.00087600
2454994.85701222 0.00025900
2454994.87744671 -0.00033000
2454994.89788021 -0.00067100
2454994.91831470 0.00017600
2454994.93874920 0.00076400
2454994.95918269 0.00058900
2454994.97961719 0.00050800
2454995.00005068 -0.00005100
2454995.02048518 -0.00044300
2454995.04091967 0.00020200
2454995.06135316 0.00029700
2454995.08178766 0.00103600
2454995.10222115 0.00035500
2454995.12265564 -0.00017700
2454995.14309013 -0.00022400
2454995.16352363 0.00008600
2454995.18395812 0.00071600
2454995.20439161 0.00051900
2454995.22482610 0.00025400
2454995.24526059 -0.00039200
2454995.26569408 -0.00023100
2454995.28612857 -0.00020000
2454995.30656206 0.00084300
2454995.32699655 0.00079900
2454995.34743104 0.00083900
2454995.36786453 0.00017800
2454995.38829902 -0.00031700
2454995.40873251 -0.00007100
2454995.42916700 0.00056600
2454995.44960049 0.00068300
2454995.47003498 0.00085300
2454995.49046947 0.00015500
2454995.51090295 -0.00034900
2454995.53133644 -0.00021700
2454995.55177093 0.00039700
2454995.57220542 0.00074600
2454995.59263890 0.00085500
2454995.61307339 0.00019900
2454995.63350688 -0.00018200
2454995.65394136 -0.00054000
2454995.67437585 0.00005700
2454995.69480933 0.00055600
2454995.71524382 0.00062500
2454995.73567730 -0.00014900
2454995.75611179 0.00000900
2454995.77654627 -0.00005600
2454995.79697976 0.00019600
2454995.81741424 0.00093800
2454995.83784773 0.00069200
2454995.85828221 0.00002900
2454995.87871569 0.00063200
2454995.89915017 -0.00027300
2454995.91958466 -0.00008800
2454995.94001814 0.00020800
2454995.96045262 0.00074600
2454995.98088710 0.00046500
2454996.00132059 0.00001800
2454996.02175507 -0.00029800
2454996.04218855 0.00005600
2454996.06262303 0.00067100
2454996.08305651 0.00091000
2454996.10349099 0.00064900
2454996.12392547 0.00015800
2454996.14435895 -0.00019800
2454996.16479343 -0.00063600
2454996.18522791 0.00028100
2454996.20566139 0.00104200
2454996.22609587 0.00081400
2454996.24652935 0.00040100
2454996.26696382 0.00017100
2454996.28739730 0.00007900
2454996.30783178 -0.00028300
2454996.32826626 -0.00165400
2454996.34869973 -0.00679600
2454996.36913421 -0.00808000
2454996.38956769 -0.00883600
2454996.41000217 -0.00851800
2454996.43043664 -0.00751700
2454996.45087012 -0.00136000
2454996.47130459 0.00063000
2454996.49173807 0.00070000
2454996.51217254 -0.00008400
2454996.53260702 -0.00014900
2454996.55304049 -0.00007600
2454996.57347497 0.00001700
2454996.59390844 0.00073600
2454996.61434292 0.00073000
2454996.63477739 0.00024000
2454996.65521086 -0.00007800
2454996.67564534 -0.00019100
2454996.69607881 -0.00064600
2454996.71651328 0.00001800
2454996.73694775 0.00111200
2454996.75738123 0.00041100
2454996.77781570 -0.00001000
2454996.79824917 0.00005100
2454996.81868364 0.00027400
2454996.83911811 0.00024800
2454996.85955158 0.00050300
2454996.87998605 0.00045900
2454996.90041952 0.00055400
2454996.92085399 0.00026200
2454996.94128846 -0.00010400
2454996.96172193 -0.00007700
2454996.98215640 0.00015600
2454997.00258987 0.00045600
2454997.02302434 0.00049700
2454997.04345781 0.00018600
2454997.06389228 -0.00015700
2454997.08432674 -0.00008700
2454997.10476021 -0.00037400
2454997.12519468 0.00025600
2454997.14562915 0.00039300
2454997.16606261 0.00073000
2454997.18649708 0.00040900
2454997.20693055 -0.00024300
2454997.24779848 -0.00026500
2454997.26823294 0.00016400
2454997.28866741 0.00048000
2454997.30910087 0.00048200
2454997.32953534 0.00058000
2454997.34996980 -0.00011300
2454997.37040327 -0.00029200
2454997.39083773 0.00027300
2454997.41127119 0.00085100
2454997.43170566 0.00070000
2454997.45213912 0.00074200
2454997.47257358 -0.00026700
2454997.49300805 -0.00025100
2454997.51344151 -0.00033700
2454997.53387597 0.00041300
2454997.55430943 0.00080500
2454997.57474390 0.00079400
2454997.59517836 0.00001500
2454997.61561182 -0.00044800
2454997.63604628 0.00006900
2454997.65647974 0.00049600
2454997.67691420 0.00078900
2454997.69734866 0.00089300
2454997.71778212 0.00001700
2454997.73821658 -0.00074600
2454997.75865004 -0.00067200
2454997.77908450 0.00060400
2454997.79951896 0.00015700
2454997.81995241 0.00008600
2454997.84038687 -0.00009800
2454997.86082033 -0.00104200
2454997.88125479 -0.00093600
2454997.90168925 -0.00006600
2454997.92212270 0.00007200
2454997.94255716 0.00018000
2454997.96299062 0.00027700
2454997.98342507 -0.00131100
