#FILENAME= 'hlsp_exo_kepler_phot_KPLR11853905_kep_v1.0_dtr.txt'
#TARGNAME= 'KPLR11853905'
#TELESCOP= 'Kepler'            / Telescope used for observation
#INSTRUME= 'Photometer'        / Instrument used for observation
#RA_TARG =           285.61533 / [deg] target right ascension (J2000)
#DEC_TARG=            50.13575 / [deg] target declination (J2000)
#RMAGTARG=              12.135 / target r magnitude from KIC
#G-R_TARG=               0.479 / target g-r magnitude from KIC
#DATEMIN =      2454953.538374 / earliest observation date
#DATEMAX =      2454997.983269 / latest observation date
#CAD_TIME=           1765.4976 / [s] median time between samples
#TIME_FIL=             0.96596 / fraction of time interval with observations
#FLUXRMS =          1.1695e-04 / rms of sigma-clipped detrended normalized flux
# 
#NPTS    =                2102 / number of time samples
#COLUMN_1= 'HJD'               / Heliocentric Julian Date
#COLUMN_2= 'Detr_Norm_Flux'    / detrended normalized flux in Kepler bandpass
# 
2454953.538374   0.999809
2454953.558809   1.000059
2454953.579243   0.999980
2454953.599678   0.999906
2454953.620112   1.000082
2454953.640546   0.999798
2454953.660981   0.999958
2454953.681415   1.000006
2454953.701850   0.999895
2454953.722284   0.999967
2454953.742719   0.999963
2454953.763153   0.999963
2454953.783588   1.000024
2454953.804022   0.999860
2454953.824456   1.000157
2454953.844891   1.000145
2454953.865325   0.999840
2454953.885760   0.999940
2454953.906194   0.999990
2454953.926629   0.999925
2454953.947063   0.999944
2454953.967497   1.000011
2454953.987932   0.999889
2454954.008366   1.000095
2454954.028801   0.999906
2454954.049235   1.000124
2454954.069670   0.999905
2454954.090104   1.000006
2454954.110539   1.000044
2454954.130973   1.000022
2454954.151407   0.999919
2454954.171842   0.999987
2454954.192276   0.999812
2454954.212711   1.000117
2454954.233145   0.999863
2454954.253580   0.999892
2454954.274014   1.000037
2454954.294448   1.000060
2454954.314883   0.999913
2454954.335317   1.000079
2454954.355752   1.000099
2454954.376186   1.000225
2454954.396621   0.999946
2454954.417055   1.000050
2454954.437489   0.999910
2454954.457924   0.999946
2454954.478358   0.999906
2454954.498793   1.000139
2454954.519227   0.999957
2454954.539661   1.000050
2454954.560096   1.000102
2454954.580530   1.000027
2454954.600965   0.999955
2454954.621400   1.000089
2454954.641834   1.000059
2454954.662268   1.000078
2454954.682703   0.999979
2454954.703137   0.999869
2454954.723572   1.000082
2454954.744006   0.999918
2454954.764441   1.000059
2454954.784875   1.000047
2454954.805309   1.000195
2454954.825744   1.000053
2454954.846178   1.000001
2454954.866613   0.999918
2454954.887047   1.000073
2454954.907482   1.000118
2454954.927916   1.000211
2454954.948350   1.000055
2454954.968785   1.000067
2454954.989219   1.000061
2454955.009654   1.000108
2454955.030089   0.999908
2454955.050522   1.000148
2454955.070957   0.999985
2454955.091391   0.999936
2454955.111826   1.000190
2454955.132261   1.000104
2454955.152695   0.999928
2454955.173129   0.999937
2454955.193563   1.000007
2454955.213998   0.999971
2454955.234433   0.999920
2454955.254867   0.999964
2454955.275302   1.000127
2454955.295735   0.999842
2454955.316170   0.999984
2454955.336604   0.999939
2454955.357039   0.999901
2454955.377474   1.000110
2454955.397908   1.000008
2454955.418342   0.999847
2454955.438776   1.000050
2454955.459211   0.999783
2454955.479646   1.000037
2454955.500080   0.999911
2454955.520515   0.999942
2454955.540949   0.999907
2454955.561383   0.999871
2454955.581818   0.999937
2454955.602252   1.000124
2454955.622687   1.000176
2454955.643122   1.000136
2454955.663556   1.000039
2454955.683990   0.999694
2454955.704424   1.000034
2454955.724859   1.000077
2454955.745294   1.000147
2454955.765728   0.999853
2454955.786163   1.000084
2454955.806596   1.000203
2454955.827031   1.000038
2454955.847465   1.000297
2454955.867900   0.999835
2454955.888335   0.999919
2454955.908769   1.000186
2454955.929203   1.000006
2454955.949637   1.000071
2454955.970072   0.999958
2454955.990507   0.999918
2454956.010941   1.000020
2454956.031376   0.999839
2454956.051810   0.999968
2454956.072244   1.000094
2454956.092679   0.999919
2454956.113113   0.999924
2454956.133548   1.000051
2454956.153982   1.000107
2454956.174416   1.000023
2454956.194851   0.999920
2454956.215285   1.000069
2454956.235720   1.000109
2454956.256155   0.999925
2454956.276589   1.000055
2454956.297024   1.000018
2454956.317457   0.999985
2454956.337892   1.000051
2454956.358326   0.999980
2454956.378761   1.000073
2454956.399196   0.999888
2454956.419630   1.000069
2454956.440064   1.000080
2454956.460498   1.000103
2454956.480933   0.999995
2454956.501368   1.000027
2454956.521802   0.999812
2454956.542237   0.999558
2454956.562670   0.999278
2454956.583105   0.999384
2454956.603540   0.999316
2454956.623974   0.999332
2454956.644409   0.999282
2454956.664843   0.999415
2454956.685277   0.999477
2454956.705712   1.000046
2454956.726146   0.999992
2454956.746581   0.999969
2454956.767015   0.999943
2454956.787450   0.999869
2454956.807884   0.999820
2454956.828318   1.000018
2454956.848753   0.999957
2454956.869187   1.000003
2454956.889622   0.999938
2454956.910057   0.999976
2454956.930490   1.000042
2454956.950925   1.000043
2454956.971359   0.999944
2454956.991794   1.000065
2454957.012228   1.000000
2454957.032663   1.000049
2454957.053098   0.999935
2454957.073531   1.000092
2454957.093966   1.000013
2454957.114401   1.000190
2454957.134835   1.000102
2454957.155270   0.999981
2454957.175704   1.000092
2454957.196138   1.000107
2454957.216572   0.999880
2454957.237007   0.999948
2454957.257442   0.999970
2454957.277876   0.999951
2454957.298311   0.999959
2454957.318745   0.999789
2454957.339179   0.999982
2454957.359614   1.000099
2454957.380048   1.000197
2454957.400483   0.999997
2454957.420918   1.000042
2454957.441351   1.000070
2454957.461786   1.000043
2454957.482220   0.999905
2454957.502655   1.000045
2454957.523089   0.999825
2454957.543524   0.999939
2454957.563958   0.999962
2454957.584392   0.999891
2454957.604827   0.999914
2454957.625262   0.999931
2454957.645696   1.000145
2454957.666130   1.000111
2454957.686564   1.000000
2454957.706999   1.000131
2454957.727434   0.999971
2454957.747868   0.999960
2454957.768303   1.000103
2454957.788737   1.000019
2454957.809172   1.000010
2454957.829606   1.000020
2454957.850040   0.999949
2454957.870475   1.000128
2454957.890909   0.999914
2454957.911344   0.999964
2454957.931778   1.000201
2454957.952212   1.000040
2454957.972647   0.999943
2454957.993081   1.000093
2454958.013516   0.999973
2454958.033950   1.000067
2454958.054385   0.999907
2454958.074819   1.000016
2454958.095253   1.000143
2454958.115688   0.999929
2454958.136122   0.999947
2454958.156557   1.000006
2454958.176991   0.999957
2454958.197425   0.999970
2454958.217860   0.999823
2454958.238295   0.999909
2454958.258729   0.999958
2454958.279163   0.999947
2454958.299598   0.999922
2454958.320032   0.999893
2454958.340467   1.000021
2454958.360901   0.999979
2454958.381335   0.999953
2454958.401770   1.000114
2454958.422205   1.000174
2454958.442638   1.000214
2454958.463073   1.000061
2454958.483508   0.999982
2454958.503942   0.999944
2454958.524377   1.000054
2454958.544811   0.999969
2454958.565245   1.000075
2454958.585680   1.000008
2454958.606114   1.000038
2454958.626548   1.000062
2454958.646983   0.999815
2454958.667418   1.000020
2454958.687853   0.999747
2454958.708286   0.999998
2454958.728721   1.000031
2454958.749155   1.000095
2454958.769590   1.000100
2454958.790024   0.999942
2454958.810459   0.999902
2454958.830893   1.000037
2454958.851327   0.999953
2454958.871762   1.000216
2454958.892196   0.999909
2454958.912631   0.999916
2454958.933066   1.000004
2454958.953499   1.000072
2454958.973934   1.000070
2454958.994368   1.000004
2454959.014803   1.000098
2454959.035238   1.000090
2454959.055672   0.999952
2454959.076106   1.000085
2454959.096541   0.999926
2454959.116975   0.999964
2454959.137410   1.000044
2454959.157844   1.000014
2454959.178279   0.999915
2454959.198713   0.999920
2454959.219147   0.999943
2454959.239582   1.000237
2454959.260016   1.000100
2454959.280451   0.999962
2454959.300885   0.999870
2454959.321319   0.999902
2454959.341754   1.000090
2454959.362188   1.000073
2454959.382623   1.000061
2454959.403057   1.000051
2454959.423492   0.999973
2454959.443927   1.000071
2454959.464360   1.000021
2454959.484795   0.999885
2454959.505229   0.999904
2454959.525664   0.999949
2454959.546098   0.999940
2454959.566533   0.999989
2454959.586967   0.999915
2454959.607402   0.999886
2454959.627836   0.999953
2454959.648270   1.000078
2454959.668705   0.999812
2454959.689140   1.000105
2454959.709574   1.000226
2454959.730008   0.999987
2454959.750442   0.999523
2454959.770877   0.999456
2454959.791312   0.999200
2454959.811746   0.999076
2454959.832180   0.999282
2454959.852615   0.999224
2454959.873049   0.999217
2454959.893484   0.999218
2454959.913918   0.999907
2454959.934353   1.000080
2454959.954787   0.999798
2454959.975221   1.000042
2454959.995656   1.000031
2454960.016090   1.000218
2454960.036525   0.999902
2454960.056960   1.000109
2454960.077393   1.000083
2454960.097828   0.999941
2454960.118262   0.999949
2454960.138697   0.999899
2454960.159132   1.000006
2454960.179566   0.999955
2454960.200001   0.999893
2454960.220435   0.999994
2454960.240869   1.000068
2454960.261303   0.999959
2454960.281738   1.000056
2454960.302173   1.000082
2454960.322607   1.000114
2454960.343041   0.999983
2454960.363475   0.999916
2454960.383910   0.999970
2454960.404345   0.999964
2454960.424779   1.000079
2454960.445214   0.999845
2454960.465648   1.000013
2454960.486082   1.000074
2454960.506517   0.999987
2454960.526951   0.999951
2454960.547386   1.000017
2454960.567821   0.999943
2454960.588254   0.999950
2454960.608688   1.000049
2454960.629123   1.000043
2454960.649558   0.999979
2454960.669993   0.999992
2454960.690427   0.999941
2454960.710861   1.000031
2454960.731295   0.999889
2454960.751730   1.000139
2454960.772164   1.000049
2454960.792599   0.999978
2454960.813034   1.000090
2454960.833467   0.999889
2454960.853902   1.000029
2454960.874336   1.000113
2454960.894771   0.999947
2454960.915206   1.000078
2454960.935640   1.000094
2454960.956075   1.000267
2454960.976508   0.999989
2454960.996943   1.000051
2454961.017378   0.999881
2454961.037812   1.000011
2454961.058247   0.999948
2454961.078682   1.000041
2454961.099115   1.000080
2454961.119549   0.999897
2454961.139984   1.000161
2454961.160419   1.000145
2454961.180853   0.999912
2454961.201288   1.000189
2454961.221722   0.999964
2454961.242156   0.999920
2454961.262591   1.000004
2454961.283025   1.000015
2454961.303460   1.000071
2454961.323895   1.000100
2454961.344328   1.000037
2454961.364763   0.999977
2454961.385197   0.999846
2454961.405632   1.000077
2454961.426067   0.999978
2454961.446501   0.999906
2454961.466935   1.000040
2454961.487369   1.000038
2454961.507804   0.999974
2454961.528239   0.999883
2454961.548673   1.000076
2454961.569108   0.999928
2454961.589542   0.999872
2454961.609976   0.999972
2454961.630410   0.999876
2454961.650845   1.000118
2454961.671280   1.000003
2454961.691715   0.999881
2454961.712149   1.000091
2454961.732582   0.999877
2454961.753017   0.999939
2454961.773451   1.000065
2454961.793887   1.000018
2454961.814321   1.000018
2454961.834756   0.999743
2454961.855189   1.000051
2454961.875623   1.000075
2454961.896059   1.000003
2454961.916493   1.000013
2454961.936928   0.999951
2454961.957362   1.000044
2454961.977795   0.999957
2454961.998230   0.999940
2454962.018665   0.999999
2454962.039100   0.999991
2454962.059534   0.999949
2454962.079969   1.000034
2454962.100402   1.000088
2454962.120837   0.999946
2454962.141272   0.999763
2454962.161706   1.000032
2454962.182141   0.999996
2454962.202575   1.000017
2454962.223008   1.000132
2454962.243444   0.999848
2454962.263878   0.999996
2454962.284313   1.000047
2454962.304747   1.000019
2454962.325182   1.000026
2454962.345615   1.000136
2454962.366050   0.999956
2454962.386485   0.999943
2454962.406919   1.000199
2454962.427354   0.999987
2454962.447788   1.000005
2454962.468223   0.999879
2454962.488657   1.000045
2454962.509091   1.000010
2454962.529526   0.999880
2454962.549960   0.999681
2454962.570395   0.999965
2454962.590830   0.999965
2454962.611263   1.000016
2454962.631698   1.000058
2454962.652132   0.999801
2454962.672567   1.000071
2454962.693002   1.000139
2454962.713436   0.999793
2454962.733870   1.000023
2454962.754304   0.999893
2454962.774739   1.000030
2454962.795174   0.999968
2454962.815609   1.000068
2454962.836043   0.999952
2454962.856476   0.999757
2454962.876911   0.999974
2454962.897345   1.000079
2454962.917781   0.999932
2454962.938215   1.000113
2454962.958649   0.999564
2454962.979083   0.999483
2454962.999517   0.999326
2454963.019952   0.999223
2454963.040387   0.999357
2454963.060822   0.999341
2454963.081256   0.999420
2454963.101689   0.999265
2454963.122124   0.999919
2454963.142558   0.999928
2454963.162994   0.999983
2454963.183428   1.000023
2454963.203863   1.000046
2454963.224297   0.999870
2454963.244730   0.999991
2454964.511666   1.000150
2454964.532100   1.000041
2454964.552535   0.999977
2454964.572969   0.999957
2454964.593404   1.000119
2454964.613838   0.999965
2454964.634272   1.000012
2454964.654707   1.000116
2454964.675141   1.000005
2454964.695576   1.000115
2454964.716010   0.999907
2454964.736445   0.999984
2454964.756879   0.999975
2454964.777313   0.999813
2454964.797748   0.999998
2454964.818182   0.999986
2454964.838617   1.000138
2454964.859051   0.999864
2454964.879486   1.000127
2454964.899920   0.999905
2454964.920355   0.999939
2454964.940789   0.999953
2454964.961223   0.999883
2454964.981658   0.999882
2454965.002092   0.999919
2454965.022527   0.999809
2454965.042961   0.999997
2454965.063396   0.999992
2454965.083830   1.000084
2454965.104264   1.000259
2454965.124699   0.999903
2454965.145133   1.000103
2454965.165568   0.999959
2454965.186002   0.999992
2454965.206437   0.999779
2454965.226871   0.999962
2454965.247305   1.000160
2454965.267740   1.000058
2454965.288174   1.000034
2454965.308609   0.999899
2454965.329043   1.000004
2454965.349478   1.000013
2454965.369912   1.000001
2454965.390346   1.000042
2454965.410781   0.999896
2454965.431215   1.000010
2454965.451650   1.000061
2454965.472084   1.000082
2454965.492519   0.999961
2454965.512953   1.000014
2454965.533387   1.000035
2454965.553822   0.999978
2454965.574256   1.000118
2454965.594691   0.999940
2454965.615125   1.000136
2454965.635560   0.999901
2454965.655994   1.000011
2454965.676429   1.000006
2454965.696863   1.000147
2454965.717297   0.999897
2454965.737732   1.000086
2454965.758166   1.000026
2454965.778601   1.000040
2454965.799035   0.999930
2454965.819470   1.000088
2454965.839904   1.000136
2454965.860338   0.999943
2454965.880773   0.999800
2454965.901207   0.999955
2454965.921642   1.000030
2454965.942076   0.999934
2454965.962511   0.999963
2454965.982945   1.000077
2454966.003380   0.999912
2454966.023814   0.999941
2454966.044248   0.999986
2454966.064683   1.000019
2454966.085117   1.000191
2454966.105552   0.999943
2454966.125986   0.999996
2454966.146421   0.999862
2454966.166855   0.999977
2454966.187289   0.999468
2454966.207724   0.999425
2454966.228158   0.999391
2454966.248593   0.999341
2454966.269027   0.999110
2454966.289462   0.999144
2454966.309896   0.999418
2454966.330330   0.999725
2454966.350765   1.000168
2454966.371199   0.999996
2454966.391634   1.000031
2454966.412068   0.999943
2454966.432503   0.999934
2454966.452937   0.999940
2454966.473371   1.000090
2454966.493806   1.000120
2454966.514240   0.999988
2454966.534675   0.999950
2454966.555109   1.000060
2454966.575544   1.000072
2454966.595978   0.999981
2454966.616413   1.000110
2454966.636847   1.000013
2454966.657282   1.000101
2454966.677716   1.000085
2454966.698150   0.999913
2454966.718585   0.999938
2454966.739019   1.000049
2454966.759454   1.000038
2454966.779888   0.999931
2454966.800322   1.000061
2454966.820757   1.000198
2454966.841191   0.999948
2454966.861626   1.000157
2454966.882060   0.999987
2454966.902495   1.000101
2454966.922929   0.999944
2454966.943364   0.999960
2454966.963798   0.999992
2454966.984232   0.999919
2454967.004667   1.000088
2454967.025101   1.000030
2454967.045536   1.000095
2454967.065970   1.000024
2454967.086405   0.999945
2454967.106839   0.999968
2454967.127273   1.000072
2454967.147708   0.999943
2454967.168142   1.000000
2454967.188577   0.999941
2454967.209011   1.000158
2454967.229446   0.999890
2454967.249880   0.999903
2454967.270314   0.999734
2454967.290749   1.000007
2454967.311183   1.000118
2454967.331618   0.999947
2454967.352052   1.000051
2454967.372487   0.999920
2454967.413356   1.000075
2454967.433790   1.000017
2454967.454224   1.000028
2454967.474659   0.999999
2454967.495093   1.000109
2454967.515528   1.000130
2454967.535962   0.999884
2454967.556396   0.999989
2454967.576831   1.000057
2454967.597265   1.000058
2454967.617700   0.999942
2454967.638134   0.999892
2454967.658569   0.999927
2454967.679003   0.999981
2454967.699438   1.000015
2454967.719872   0.999994
2454967.740307   0.999917
2454967.760741   0.999895
2454967.781175   1.000064
2454967.801610   0.999975
2454967.822044   0.999976
2454967.842479   0.999871
2454967.862913   0.999916
2454967.883348   0.999916
2454967.903782   0.999963
2454967.924216   0.999962
2454967.944651   0.999904
2454967.965085   0.999901
2454967.985520   1.000111
2454968.005954   0.999948
2454968.026389   0.999975
2454968.046823   0.999915
2454968.067257   0.999986
2454968.087692   1.000029
2454968.108126   1.000105
2454968.128561   1.000100
2454968.148995   0.999963
2454968.169430   0.999959
2454968.189864   1.000001
2454968.210298   0.999923
2454968.230733   1.000046
2454968.251167   0.999948
2454968.271602   1.000055
2454968.292036   0.999994
2454968.312471   1.000153
2454968.332905   0.999962
2454968.353339   1.000176
2454968.373774   1.000085
2454968.394208   0.999896
2454968.414643   1.000021
2454968.435077   0.999997
2454968.455512   1.000012
2454968.475946   0.999827
2454968.496381   1.000045
2454968.516815   0.999999
2454968.537249   0.999924
2454968.557684   1.000086
2454968.578118   0.999760
2454968.598553   0.999948
2454968.618987   0.999989
2454968.639422   1.000136
2454968.659856   1.000119
2454968.680291   0.999898
2454968.700725   0.999928
2454968.721159   0.999937
2454968.741594   0.999993
2454968.762028   1.000004
2454968.782463   0.999813
2454968.802897   1.000051
2454968.823332   0.999975
2454968.843766   1.000223
2454968.864200   0.999923
2454968.884635   1.000226
2454968.905069   1.000125
2454968.925504   1.000199
2454968.945938   1.000000
2454968.966373   0.999887
2454968.986807   1.000350
2454969.007241   0.999746
2454969.027676   1.000034
2454969.048110   0.999918
2454969.068545   0.999973
2454969.088979   0.999984
2454969.109414   1.000022
2454969.129848   0.999976
2454969.150282   1.000043
2454969.170717   0.999931
2454969.191151   1.000053
2454969.211586   1.000004
2454969.232020   1.000017
2454969.252455   1.000001
2454969.272889   0.999921
2454969.293323   0.999728
2454969.313758   1.000048
2454969.334192   0.999783
2454969.354627   0.999965
2454969.375061   1.000056
2454969.395496   0.999547
2454969.415930   0.999392
2454969.436365   0.999196
2454969.456799   0.999269
2454969.477233   0.999134
2454969.497668   0.999229
2454969.518102   0.999399
2454969.538537   0.999466
2454969.558971   0.999922
2454969.579406   1.000002
2454969.599840   1.000016
2454969.620274   0.999852
2454969.640709   1.000190
2454969.661143   1.000126
2454969.681578   0.999915
2454969.702012   0.999849
2454969.722447   0.999975
2454969.742881   1.000082
2454969.763316   0.999797
2454969.783750   0.999956
2454969.804184   0.999953
2454969.824619   1.000030
2454969.845053   1.000063
2454969.865488   0.999964
2454969.885922   1.000164
2454969.906357   0.999967
2454969.926791   1.000067
2454969.947225   1.000136
2454969.967660   1.000042
2454969.988094   0.999784
2454970.008529   1.000014
2454970.028963   0.999922
2454970.049398   1.000062
2454970.069832   0.999864
2454970.090266   1.000077
2454970.110701   1.000226
2454970.131135   0.999971
2454970.151570   0.999932
2454970.172004   0.999945
2454970.192439   0.999886
2454970.212873   0.999943
2454970.233308   1.000021
2454970.253742   1.000150
2454970.274176   1.000197
2454970.294611   0.999993
2454970.315045   0.999765
2454970.335480   0.999944
2454970.355914   0.999899
2454970.396783   1.000172
2454970.417217   1.000103
2454970.437652   1.000188
2454970.458086   1.000207
2454970.478521   0.999770
2454970.498955   0.999979
2454970.519390   1.000006
2454970.539824   1.000137
2454970.560259   0.999982
2454970.580693   1.000107
2454970.601127   1.000097
2454970.621562   1.000084
2454970.641996   1.000120
2454970.662431   1.000011
2454970.682865   0.999787
2454970.703300   0.999912
2454970.723734   1.000146
2454970.744168   1.000239
2454970.764603   1.000033
2454970.785037   0.999973
2454970.805472   0.999930
2454970.825906   1.000084
2454970.846341   0.999919
2454970.866775   0.999879
2454970.887209   0.999913
2454970.907644   0.999914
2454970.928078   0.999902
2454970.948513   0.999958
2454970.968947   0.999946
2454970.989382   0.999935
2454971.009816   1.000037
2454971.030250   1.000041
2454971.050685   1.000100
2454971.071119   1.000047
2454971.091554   0.999883
2454971.111988   0.999972
2454971.132423   1.000028
2454971.152857   1.000041
2454971.173291   1.000145
2454971.193726   1.000083
2454971.214160   0.999805
2454971.234595   0.999804
2454971.255029   0.999827
2454971.275464   1.000099
2454971.295898   0.999924
2454971.316333   1.000039
2454971.336767   1.000004
2454971.357202   0.999850
2454971.377636   0.999989
2454971.398070   0.999988
2454971.418505   0.999887
2454971.438939   0.999983
2454971.459374   0.999801
2454971.479808   1.000024
2454971.500243   1.000148
2454971.520677   1.000026
2454971.541111   1.000040
2454971.561546   1.000152
2454971.581980   1.000115
2454971.602415   0.999945
2454971.622849   1.000184
2454971.643284   1.000015
2454971.663718   1.000066
2454971.684152   0.999905
2454971.704587   0.999927
2454971.725021   0.999985
2454971.745456   1.000143
2454971.765890   0.999933
2454971.786325   1.000012
2454971.806759   0.999901
2454971.827193   0.999839
2454971.847628   1.000015
2454971.868062   0.999911
2454971.888497   0.999767
2454971.908931   1.000052
2454971.929366   0.999741
2454971.949800   0.999904
2454971.970234   0.999830
2454971.990669   1.000019
2454972.011103   0.999963
2454972.031538   1.000311
2454972.051972   1.000155
2454972.072407   0.999975
2454972.092841   1.000029
2454972.113276   1.000183
2454972.133710   0.999910
2454972.154144   0.999916
2454972.174579   1.000247
2454972.195013   0.999973
2454972.215448   1.000052
2454972.235882   0.999997
2454972.256317   1.000172
2454972.276751   1.000077
2454972.297185   0.999952
2454972.317620   1.000029
2454972.338054   0.999905
2454972.358489   1.000041
2454972.378923   0.999970
2454972.399358   1.000095
2454972.419792   0.999877
2454972.440227   1.000029
2454972.460661   0.999983
2454972.481095   0.999890
2454972.501530   1.000021
2454972.521964   0.999841
2454972.542399   1.000152
2454972.562833   0.999881
2454972.583268   1.000090
2454972.603702   0.999640
2454972.624136   0.999369
2454972.644571   0.999144
2454972.665005   0.999194
2454972.685440   0.999195
2454972.705874   0.999218
2454972.726309   0.999431
2454972.746743   0.999272
2454972.767177   0.999955
2454972.787612   0.999998
2454972.808046   0.999926
2454972.828481   0.999916
2454972.848915   1.000068
2454972.869350   1.000069
2454972.889784   0.999905
2454972.910218   1.000075
2454972.930653   1.000073
2454972.951087   1.000039
2454972.971522   1.000003
2454972.991956   1.000074
2454973.012391   1.000006
2454973.032825   0.999912
2454973.053260   0.999964
2454973.073694   0.999919
2454973.094128   1.000055
2454973.114563   0.999762
2454973.134997   1.000082
2454973.155432   0.999869
2454973.175866   1.000492
2454973.196301   0.999941
2454973.216735   1.000074
2454973.237169   1.000016
2454973.257604   0.999927
2454973.278038   1.000212
2454973.298473   0.999892
2454973.318907   1.000235
2454973.339342   0.999955
2454973.380210   0.999873
2454973.400645   0.999962
2454973.421079   0.999978
2454973.441514   1.000023
2454973.461948   1.000066
2454973.482383   0.999946
2454973.502817   0.999974
2454973.523251   0.999978
2454973.543686   1.000147
2454973.564120   0.999978
2454973.584555   1.000117
2454973.604989   1.000028
2454973.625424   1.000037
2454973.645858   1.000149
2454973.666292   0.999926
2454973.686727   1.000029
2454973.707161   1.000094
2454973.727596   1.000047
2454973.748030   1.000126
2454973.768465   1.000041
2454973.788899   1.000073
2454973.809334   0.999928
2454973.829768   0.999977
2454973.850203   0.999987
2454973.870637   1.000054
2454973.891071   0.999839
2454973.911506   0.999997
2454973.931940   0.999981
2454973.952375   0.999992
2454973.972809   0.999863
2454973.993243   1.000081
2454974.013678   1.000125
2454974.034112   1.000025
2454974.054547   1.000134
2454974.074981   0.999932
2454974.095416   1.000034
2454974.115850   1.000053
2454974.136285   1.000110
2454974.156719   1.000024
2454974.177153   0.999947
2454974.197588   0.999993
2454974.218022   1.000119
2454974.238457   1.000151
2454974.258891   0.999967
2454974.279326   0.999884
2454974.299760   0.999854
2454974.320194   0.999917
2454974.340629   0.999904
2454974.361063   1.000014
2454974.381498   0.999947
2454974.401932   0.999829
2454974.422367   1.000060
2454974.442801   0.999912
2454974.463235   1.000007
2454974.483670   0.999984
2454974.504104   1.000043
2454974.524539   0.999949
2454974.544973   1.000114
2454974.565408   0.999928
2454974.585842   0.999912
2454974.606277   1.000024
2454974.626711   1.000055
2454974.647145   1.000100
2454974.667580   0.999952
2454974.688014   0.999996
2454974.708449   0.999910
2454974.728883   0.999974
2454974.749318   0.999976
2454974.769752   1.000078
2454974.790186   0.999973
2454974.810621   1.000050
2454974.831055   0.999873
2454974.851490   0.999878
2454974.871924   0.999973
2454974.892359   0.999984
2454974.912793   1.000144
2454974.933228   1.000070
2454974.953662   1.000085
2454974.974096   0.999936
2454974.994531   0.999826
2454975.014965   0.999920
2454975.035400   0.999861
2454975.055834   1.000057
2454975.076269   1.000021
2454975.096703   1.000242
2454975.117137   1.000005
2454975.137572   1.000174
2454975.158006   1.000002
2454975.178441   0.999957
2454975.198875   1.000069
2454975.219310   0.999934
2454975.239744   0.999794
2454975.260178   1.000181
2454975.280613   0.999847
2454975.301047   0.999877
2454975.321482   1.000026
2454975.341916   1.000014
2454975.362351   1.000032
2454975.382785   0.999926
2454975.403219   1.000010
2454975.423654   0.999933
2454975.444088   1.000045
2454975.464523   0.999946
2454975.484957   0.999860
2454975.505392   0.999905
2454975.525826   0.999867
2454975.546261   1.000031
2454975.566695   0.999922
2454975.587129   1.000146
2454975.607564   0.999936
2454975.627998   0.999853
2454975.648433   1.000024
2454975.668867   0.999901
2454975.689302   1.000022
2454975.709736   1.000049
2454975.730170   0.999713
2454975.750605   1.000074
2454975.771039   1.000053
2454975.791474   1.000037
2454975.811908   0.999844
2454975.832343   0.999360
2454975.852777   0.999209
2454975.873212   0.999302
2454975.893646   0.999369
2454975.914080   0.999298
2454975.934515   0.999558
2454975.954949   0.999083
2454975.975384   0.999873
2454975.995818   1.000134
2454976.016253   0.999842
2454976.036687   1.000054
2454976.057121   1.000134
2454976.077556   0.999918
2454976.097990   1.000113
2454976.118425   0.999976
2454976.138859   0.999908
2454976.159294   0.999769
2454976.179728   0.999938
2454976.200162   0.999993
2454976.220597   0.999875
2454976.241031   0.999825
2454976.261466   0.999902
2454976.281900   1.000101
2454976.302335   0.999989
2454976.322769   0.999995
2454976.363638   0.999899
2454976.384072   0.999942
2454976.404507   1.000026
2454976.424941   1.000214
2454976.445376   1.000019
2454976.465810   1.000037
2454976.486244   0.999909
2454976.506679   1.000069
2454976.527113   1.000092
2454976.547548   1.000241
2454976.567982   1.000146
2454976.588417   1.000069
2454976.608851   1.000116
2454976.629286   1.000196
2454976.649720   1.000014
2454976.670155   1.000016
2454976.690589   1.000015
2454976.711023   0.999884
2454976.731458   1.000213
2454976.751892   1.000019
2454976.772327   0.999946
2454976.792761   0.999886
2454976.813195   1.000062
2454976.833630   0.999997
2454976.854064   0.999916
2454976.874499   0.999865
2454976.894933   0.999874
2454976.915368   1.000059
2454976.935802   0.999949
2454976.956237   1.000084
2454976.976671   0.999880
2454976.997105   1.000114
2454977.017540   0.999944
2454977.037974   1.000090
2454977.058409   0.999943
2454977.078843   1.000158
2454977.099278   0.999982
2454977.119712   1.000184
2454977.140146   0.999952
2454977.160581   0.999963
2454977.181015   0.999907
2454977.201450   1.000040
2454977.221884   0.999950
2454977.242319   0.999842
2454977.262753   1.000088
2454977.283187   1.000041
2454977.303622   0.999923
2454977.324056   0.999817
2454977.344491   1.000026
2454977.364925   0.999904
2454977.385360   1.000058
2454977.405794   0.999989
2454977.426229   1.000044
2454977.446663   0.999832
2454977.467097   1.000226
2454977.487532   0.999971
2454977.507966   1.000138
2454977.528401   0.999888
2454977.548835   1.000028
2454977.569270   0.999815
2454977.589704   0.999859
2454977.610138   0.999957
2454977.630573   0.999810
2454977.651007   1.000059
2454977.671442   0.999963
2454977.691876   1.000228
2454977.712311   0.999940
2454977.732745   1.000206
2454977.753180   0.999952
2454977.773614   1.000070
2454977.794048   0.999870
2454977.814483   1.000099
2454977.834917   1.000066
2454977.855352   1.000079
2454977.875786   1.000027
2454977.896220   1.000000
2454977.916655   1.000001
2454977.937089   0.999825
2454977.957524   1.000156
2454977.977958   1.000031
2454977.998393   1.000123
2454978.018827   0.999994
2454978.039262   1.000023
2454978.059696   0.999929
2454978.080130   0.999902
2454978.100565   0.999811
2454978.120999   1.000158
2454978.141434   0.999877
2454978.161868   1.000045
2454978.182303   0.999875
2454978.202737   1.000036
2454978.223172   1.000021
2454978.243606   1.000025
2454978.264040   1.000097
2454978.284475   0.999979
2454978.304909   1.000095
2454978.325344   0.999972
2454978.345778   1.000169
2454978.366213   0.999917
2454978.386647   1.000072
2454978.407081   1.000030
2454978.427516   0.999931
2454978.447950   0.999887
2454978.468385   0.999887
2454978.488819   0.999823
2454978.509254   1.000111
2454978.529688   1.000042
2454978.550122   1.000168
2454978.570557   0.999943
2454978.590991   0.999899
2454978.611426   1.000005
2454978.631860   0.999995
2454978.652295   0.999902
2454978.672729   0.999950
2454978.693163   0.999952
2454978.713598   0.999887
2454978.734032   0.999905
2454978.754467   0.999864
2454978.774901   1.000028
2454978.795336   0.999881
2454978.815770   0.999971
2454978.836204   0.999904
2454978.856639   1.000012
2454978.877073   0.999839
2454978.897508   0.999975
2454978.917942   0.999941
2454978.938377   1.000126
2454978.958811   0.999787
2454978.979245   0.999996
2454978.999680   1.000046
2454979.020114   0.999961
2454979.040549   0.999561
2454979.060983   0.999324
2454979.081418   0.999356
2454979.101852   0.999280
2454979.122287   0.999377
2454979.142721   0.999299
2454979.163155   0.999400
2454979.183590   0.999790
2454979.204024   1.000063
2454979.224459   1.000114
2454979.244893   1.000013
2454979.265328   1.000010
2454979.285762   1.000014
2454979.306197   0.999871
2454979.347065   0.999812
2454979.367500   1.000090
2454979.387934   1.000007
2454979.408369   1.000092
2454979.428803   0.999931
2454979.449238   1.000039
2454979.469672   1.000067
2454979.490106   1.000153
2454979.510541   1.000080
2454979.530975   1.000045
2454979.551410   0.999973
2454979.571844   1.000032
2454979.592279   1.000100
2454979.612713   1.000031
2454979.633147   0.999983
2454979.653582   0.999902
2454979.674016   1.000019
2454979.694451   1.000046
2454979.714885   1.000007
2454979.735320   0.999925
2454979.755754   1.000107
2454979.776188   1.000089
2454979.796623   1.000102
2454979.817057   1.000051
2454979.837492   1.000102
2454979.857926   1.000043
2454979.878361   1.000073
2454979.898795   0.999905
2454979.919230   1.000024
2454979.939664   1.000002
2454979.960098   1.000054
2454979.980533   0.999995
2454980.000967   0.999958
2454980.021402   0.999931
2454980.041836   1.000033
2454980.062271   0.999893
2454980.082705   0.999872
2454980.103139   0.999976
2454980.123574   1.000008
2454980.144008   1.000117
2454980.164443   1.000095
2454980.184877   1.000085
2454980.205312   0.999857
2454980.225746   1.000170
2454980.246181   1.000137
2454980.266615   1.000026
2454980.287049   0.999905
2454980.307484   0.999904
2454980.327918   0.999880
2454980.348353   1.000033
2454980.368787   0.999920
2454980.389222   0.999874
2454980.409656   0.999969
2454980.430090   1.000075
2454980.450525   0.999920
2454980.470959   1.000130
2454980.491394   1.000037
2454980.511828   1.000078
2454980.532263   0.999903
2454980.552697   1.000068
2454980.573131   0.999973
2454980.593566   1.000020
2454980.614000   1.000142
2454980.634435   0.999913
2454980.654869   0.999908
2454980.675304   0.999937
2454980.695738   1.000006
2454980.716172   0.999858
2454980.736607   0.999838
2454980.757041   1.000028
2454980.777476   0.999942
2454980.797910   1.000208
2454980.818345   0.999865
2454980.838779   1.000115
2454980.859213   0.999651
2454980.879648   0.999925
2454980.900082   0.999976
2454980.920517   0.999969
2454980.940951   1.000032
2454980.961386   0.999886
2454980.981820   1.000051
2454981.002255   0.999918
2454981.022689   1.000147
2454981.043124   0.999949
2454981.063558   0.999964
2454981.083992   0.999732
2454981.104427   0.999981
2454981.124861   0.999944
2454981.145296   1.000132
2454981.165730   1.000047
2454981.186164   1.000217
2454981.206599   0.999961
2454981.227033   1.000235
2454981.247468   0.999790
2454981.267902   0.999962
2454981.288337   0.999936
2454981.308771   0.999972
2454981.329206   0.999975
2454981.349640   1.000033
2454981.370074   1.000018
2454981.390509   1.000018
2454981.410943   0.999871
2454981.431378   1.000102
2454981.451812   0.999856
2454981.472247   1.000015
2454981.492681   1.000072
2454981.513115   1.000045
2454981.533550   0.999953
2454981.553984   1.000159
2454981.574419   1.000092
2454981.594853   1.000105
2454981.615288   0.999960
2454981.635722   0.999953
2454981.656156   0.999911
2454981.676591   1.000009
2454981.697025   1.000063
2454981.717460   1.000043
2454981.737894   0.999866
2454981.758329   0.999958
2454981.778763   1.000050
2454981.799198   1.000002
2454981.819632   1.000066
2454981.840066   0.999952
2454981.860501   0.999847
2454981.880935   0.999929
2454981.901370   0.999860
2454981.921804   0.999867
2454981.942239   1.000068
2454981.962673   0.999924
2454981.983107   0.999887
2454982.003542   1.000027
2454982.023976   0.999897
2454982.044411   0.999943
2454982.064845   0.999985
2454982.085280   1.000027
2454982.105714   1.000052
2454982.126149   0.999991
2454982.146583   0.999955
2454982.167017   0.999870
2454982.187452   0.999909
2454982.207886   0.999880
2454982.228321   1.000072
2454982.248755   0.999464
2454982.269190   0.999099
2454982.289624   0.999227
2454982.330493   0.999189
2454982.350927   0.999420
2454982.371362   0.999389
2454982.391796   0.999557
2454982.412231   1.000027
2454982.432665   1.000071
2454982.453099   0.999995
2454982.473534   1.000021
2454982.493968   1.000059
2454982.514403   1.000199
2454982.534837   0.999884
2454982.555272   1.000041
2454982.575706   0.999963
2454982.596140   0.999988
2454982.616575   0.999937
2454982.637009   1.000066
2454982.657444   1.000234
2454982.677878   1.000134
2454982.698313   0.999974
2454982.718747   1.000006
2454982.739182   0.999918
2454982.759616   1.000078
2454982.780050   0.999955
2454982.800485   1.000085
2454982.820919   1.000013
2454982.841354   1.000014
2454982.861788   0.999880
2454982.882223   1.000119
2454982.902657   0.999965
2454982.923091   1.000127
2454982.943526   0.999930
2454982.963960   1.000226
2454982.984395   0.999981
2454983.004829   0.999958
2454983.025264   0.999882
2454983.045698   1.000206
2454983.066133   0.999799
2454983.086567   1.000104
2454983.107001   1.000027
2454983.127436   1.000128
2454983.147870   0.999880
2454983.168305   1.000043
2454983.188739   0.999797
2454983.209174   1.000082
2454983.229608   1.000038
2454983.250042   1.000204
2454983.270477   0.999868
2454983.290911   0.999992
2454983.311346   0.999992
2454983.331780   0.999931
2454983.352214   0.999856
2454983.372649   0.999946
2454983.393083   1.000010
2454983.413518   1.000177
2454983.433952   0.999931
2454983.454387   0.999929
2454983.474821   0.999832
2454983.495256   0.999966
2454983.515690   0.999961
2454983.536125   1.000162
2454983.556559   0.999852
2454983.576993   1.000116
2454983.597428   0.999797
2454983.617862   1.000052
2454983.638297   0.999900
2454983.658731   1.000096
2454983.679165   0.999988
2454983.699600   1.000051
2454983.720034   1.000005
2454983.740469   0.999910
2454983.760903   0.999896
2454983.781338   1.000142
2454983.801772   0.999983
2454983.822207   0.999920
2454983.842641   1.000052
2454983.863076   1.000099
2454983.883510   0.999996
2454983.903944   0.999979
2454983.924379   0.999897
2454983.944813   1.000201
2454983.965248   0.999938
2454983.985682   0.999840
2454984.006116   1.000156
2454984.026551   0.999920
2454984.046985   1.000002
2454984.067420   0.999890
2454984.087854   1.000003
2454984.108289   1.000003
2454984.128723   0.999788
2454984.149157   0.999824
2454984.169592   1.000188
2454984.190026   0.999996
2454984.210461   0.999807
2454984.230895   0.999979
2454984.251330   0.999921
2454984.271764   0.999950
2454984.292199   0.999969
2454984.312633   0.999946
2454984.333067   1.000135
2454984.353502   1.000018
2454984.373936   1.000195
2454984.394371   1.000008
2454984.414805   1.000068
2454984.435240   0.999815
2454984.455674   1.000008
2454984.476108   0.999977
2454984.496543   0.999956
2454984.516977   0.999999
2454984.537412   1.000066
2454984.557846   1.000009
2454984.578281   1.000141
2454984.598715   0.999918
2454984.619150   0.999985
2454984.639584   0.999998
2454984.660018   0.999491
2454984.680453   1.000023
2454984.700887   1.000101
2454984.721322   0.999997
2454984.741756   1.000101
2454984.762191   1.000113
2454984.782625   1.000145
2454984.803059   0.999866
2454984.823494   0.999992
2454984.843928   0.999979
2454984.864363   1.000140
2454984.884797   0.999847
2454984.905232   0.999959
2454984.925666   0.999749
2454984.946100   0.999943
2454984.966535   1.000097
2454984.986969   1.000135
2454985.007404   0.999961
2454985.027838   1.000020
2454985.048273   0.999855
2454985.068707   0.999952
2454985.089141   0.999976
2454985.109576   1.000017
2454985.130010   0.999958
2454985.150445   1.000074
2454985.170879   0.999981
2454985.191314   0.999950
2454985.211748   0.999905
2454985.232183   1.000125
2454985.252617   0.999793
2454985.273051   0.999777
2454985.313920   1.000134
2454985.334355   1.000100
2454985.354789   0.999912
2454985.375224   0.999906
2454985.395658   0.999774
2454985.416092   1.000024
2454985.436527   1.000036
2454985.456961   0.999727
2454985.477396   0.999165
2454985.497830   0.999280
2454985.518265   0.999240
2454985.538699   0.999411
2454985.559134   0.999125
2454985.579568   0.999267
2454985.600002   0.999357
2454985.620437   1.000045
2454985.661306   1.000025
2454985.681740   1.000257
2454985.702175   1.000116
2454985.722609   1.000032
2454985.743043   1.000165
2454985.763478   1.000006
2454985.783912   1.000067
2454985.804347   0.999828
2454985.824781   1.000149
2454985.845216   0.999936
2454985.865650   1.000149
2454985.886084   1.000011
2454985.906519   1.000248
2454985.926953   1.000018
2454985.947388   1.000200
2454985.967822   1.000032
2454985.988257   1.000044
2454986.008691   0.999923
2454986.029125   0.999973
2454986.049560   0.999889
2454986.069994   0.999901
2454986.090429   1.000083
2454986.110863   1.000019
2454986.131298   0.999919
2454986.151732   0.999861
2454986.172166   1.000098
2454986.192601   0.999793
2454986.213035   1.000100
2454986.233470   0.999963
2454986.253904   1.000218
2454986.274339   0.999882
2454986.294773   0.999981
2454986.315208   0.999953
2454986.335642   1.000047
2454986.356076   1.000014
2454986.376511   1.000081
2454986.396945   1.000063
2454986.417380   0.999885
2454986.437814   0.999939
2454986.458249   0.999829
2454986.478683   0.999977
2454986.499118   1.000061
2454986.519552   1.000045
2454986.539986   1.000049
2454986.560421   0.999942
2454986.580855   0.999989
2454986.601290   0.999993
2454986.621724   0.999819
2454986.642159   1.000090
2454986.662593   0.999994
2454986.683027   1.000029
2454986.703462   0.999907
2454986.723896   0.999921
2454986.744331   0.999779
2454986.764765   1.000108
2454986.785200   0.999887
2454986.805634   1.000225
2454986.826068   0.999978
2454986.846503   1.000016
2454986.866937   1.000029
2454986.887372   1.000208
2454986.907806   0.999942
2454986.928241   1.000112
2454986.948675   0.999988
2454986.969109   1.000244
2454986.989544   1.000097
2454987.009978   0.999948
2454987.030413   0.999942
2454987.050847   0.999920
2454987.071282   0.999950
2454987.091716   1.000233
2454987.112151   1.000149
2454987.132585   0.999936
2454987.153019   0.999863
2454987.173454   0.999822
2454987.193888   0.999894
2454987.214323   0.999863
2454987.234757   1.000104
2454987.255192   1.000003
2454987.275626   0.999966
2454987.296060   0.999794
2454987.316495   1.000054
2454987.336929   0.999792
2454987.357364   0.999934
2454987.377798   0.999888
2454987.398233   1.000073
2454987.418667   0.999999
2454987.439102   0.999860
2454987.459536   0.999959
2454987.479970   0.999957
2454987.500405   0.999961
2454987.520839   1.000076
2454987.541274   1.000016
2454987.561708   1.000001
2454987.582143   1.000130
2454987.602577   1.000060
2454987.623011   1.000180
2454987.663880   1.000133
2454987.684315   0.999861
2454987.704749   1.000041
2454987.725184   0.999891
2454987.745618   1.000054
2454987.766052   0.999944
2454987.786487   0.999959
2454987.806921   0.999962
2454987.827356   1.000003
2454987.847790   0.999926
2454987.868225   1.000063
2454987.888659   0.999972
2454987.909094   1.000051
2454987.929528   0.999998
2454987.949962   0.999911
2454987.970397   1.000304
2454987.990831   0.999908
2454988.011266   1.000043
2454988.031700   0.999855
2454988.052135   1.000094
2454988.072569   1.000043
2454988.093003   1.000197
2454988.113438   1.000019
2454988.133872   1.000071
2454988.154307   0.999779
2454988.174741   1.000057
2454988.195176   1.000038
2454988.215610   1.000045
2454988.236044   0.999754
2454988.256479   0.999784
2454988.297348   0.999793
2454988.317782   0.999982
2454988.338217   0.999960
2454988.358651   0.999960
2454988.379085   0.999992
2454988.399520   0.999963
2454988.419954   1.000000
2454988.440389   1.000335
2454988.460823   1.000067
2454988.481258   1.000080
2454988.501692   1.000110
2454988.522126   0.999982
2454988.542561   0.999953
2454988.562995   0.999907
2454988.583430   1.000077
2454988.603864   1.000229
2454988.624299   1.000103
2454988.644733   1.000042
2454988.665168   0.999734
2454988.685602   0.999437
2454988.706036   0.999613
2454988.726471   0.999378
2454988.746905   0.999494
2454988.767340   0.999318
2454988.787774   0.999428
2454988.808209   0.999273
2454988.828643   1.000025
2454988.849077   1.000094
2454988.869512   0.999852
2454988.889946   0.999861
2454988.910381   1.000082
2454988.930815   0.999891
2454988.951250   1.000103
2454988.971684   1.000168
2454988.992119   1.000012
2454989.012553   1.000133
2454989.032987   0.999921
2454989.053422   0.999768
2454989.073856   0.999972
2454989.094291   1.000140
2454989.114725   1.000186
2454989.135160   0.999894
2454989.155594   1.000038
2454989.176028   0.999991
2454989.196463   0.999968
2454989.216897   1.000074
2454989.237332   1.000135
2454989.257766   0.999998
2454989.278201   0.999951
2454989.298635   0.999929
2454989.319069   0.999891
2454989.339504   0.999895
2454989.359938   1.000087
2454989.380373   0.999980
2454989.400807   0.999960
2454989.421242   0.999814
2454989.441676   1.000097
2454989.462110   0.999772
2454989.482545   1.000008
2454989.502979   1.000107
2454989.523414   0.999898
2454989.543848   1.000148
2454989.564283   1.000064
2454989.584717   1.000019
2454989.605152   1.000023
2454989.625586   1.000061
2454989.646020   1.000088
2454989.666455   0.999936
2454989.686889   0.999944
2454989.707324   1.000144
2454989.727758   1.000001
2454989.748193   1.000033
2454989.768627   1.000022
2454989.789061   1.000140
2454989.809496   0.999897
2454989.829930   1.000078
2454989.850365   0.999990
2454989.870799   0.999944
2454989.891234   1.000035
2454989.911668   0.999887
2454989.932103   1.000066
2454989.952537   0.999894
2454989.972971   0.999912
2454989.993406   0.999888
2454990.013840   1.000033
2454990.034275   1.000046
2454990.054709   1.000045
2454990.075144   1.000055
2454990.095578   0.999967
2454990.116012   0.999915
2454990.136447   0.999849
2454990.156881   0.999790
2454990.177316   0.999974
2454990.197750   1.000100
2454990.218185   1.000013
2454990.238619   1.000116
2454990.259053   0.999991
2454990.279488   1.000176
2454990.299922   0.999933
2454990.320357   0.999980
2454990.340791   0.999999
2454990.361226   0.999975
2454990.381660   1.000134
2454990.402095   0.999913
2454990.422529   1.000178
2454990.442963   0.999879
2454990.463398   0.999952
2454990.483832   0.999925
2454990.504267   1.000086
2454990.524701   1.000158
2454990.545135   1.000053
2454990.565570   0.999847
2454990.586004   0.999964
2454990.606439   0.999925
2454990.626873   0.999876
2454990.647308   0.999934
2454990.667742   1.000011
2454990.688177   1.000153
2454990.708611   0.999900
2454990.729046   1.000053
2454990.749480   0.999825
2454990.769914   0.999913
2454990.790349   0.999946
2454990.810783   1.000018
2454990.831218   0.999931
2454990.851652   1.000194
2454990.872086   1.000199
2454990.892521   0.999895
2454990.912955   0.999877
2454990.933390   0.999911
2454990.953824   1.000011
2454990.974259   0.999970
2454990.994693   1.000024
2454991.015128   0.999896
2454991.035562   1.000255
2454991.055996   0.999889
2454991.076431   1.000033
2454991.096865   1.000100
2454991.117300   0.999930
2454991.137734   0.999875
2454991.158169   0.999954
2454991.178603   1.000120
2454991.199037   0.999875
2454991.219472   1.000196
2454991.239906   0.999880
2454991.280775   0.999947
2454991.301210   0.999978
2454991.321644   0.999880
2454991.342078   0.999974
2454991.362513   1.000101
2454991.382947   1.000028
2454991.403382   0.999931
2454991.423816   0.999829
2454991.444251   0.999999
2454991.464685   1.000035
2454991.485120   1.000069
2454991.505554   0.999933
2454991.525988   0.999996
2454991.546423   0.999971
2454991.566857   0.999876
2454991.587292   0.999883
2454991.607726   1.000133
2454991.628161   0.999872
2454991.648595   1.000071
2454991.669030   1.000052
2454991.689464   0.999832
2454991.709898   0.999920
2454991.730333   1.000014
2454991.750767   1.000200
2454991.771202   1.000036
2454991.791636   1.000094
2454991.812071   0.999946
2454991.832505   1.000046
2454991.852939   1.000135
2454991.873374   1.000039
2454991.893808   0.999586
2454991.914243   0.999082
2454991.934677   0.999393
2454991.955112   0.999204
2454991.975546   0.999282
2454991.995980   0.999309
2454992.016415   0.999514
2454992.036849   0.999585
2454992.057284   0.999958
2454992.077718   0.999859
2454992.098153   0.999978
2454992.118587   1.000099
2454992.139021   1.000152
2454992.159456   1.000290
2454992.179890   0.999947
2454992.200325   1.000229
2454992.220759   0.999810
2454992.241194   0.999926
2454992.261628   1.000283
2454992.282062   0.999877
2454992.302497   0.999963
2454992.322931   0.999889
2454992.343366   1.000211
2454992.363800   1.000008
2454992.384235   1.000200
2454992.404669   1.000022
2454992.425104   0.999976
2454992.445538   1.000262
2454992.465972   0.999949
2454992.486407   1.000058
2454992.506841   1.000010
2454992.527276   1.000146
2454992.547710   1.000044
2454992.568145   1.000094
2454992.588579   0.999803
2454992.609013   1.000044
2454992.629448   0.999992
2454992.649882   1.000058
2454992.670317   0.999943
2454992.690751   0.999903
2454992.711186   0.999911
2454992.731620   0.999838
2454992.752054   0.999995
2454992.772489   0.999970
2454992.792923   0.999946
2454992.813358   0.999874
2454992.833792   1.000081
2454992.854227   0.999728
2454992.874661   0.999980
2454992.895095   0.999922
2454992.915530   1.000105
2454992.935964   0.999872
2454992.956399   0.999978
2454992.976833   0.999999
2454992.997268   0.999948
2454993.017702   1.000174
2454993.038137   0.999942
2454993.058571   1.000122
2454993.079005   1.000183
2454993.099440   0.999950
2454993.119874   1.000055
2454993.140309   1.000004
2454993.160743   1.000173
2454993.181178   1.000103
2454993.201612   1.000008
2454993.222047   0.999944
2454993.242481   1.000088
2454993.262915   1.000074
2454993.283350   0.999929
2454993.303784   0.999993
2454993.324219   0.999915
2454993.344653   1.000041
2454993.365088   0.999867
2454993.385522   1.000006
2454993.405956   0.999958
2454993.426391   1.000033
2454993.446825   0.999999
2454993.467260   0.999854
2454993.487694   1.000027
2454993.508129   0.999917
2454993.528563   1.000011
2454993.548997   0.999896
2454993.569432   1.000044
2454993.589866   1.000526
2454993.610301   0.999976
2454993.630735   0.999975
2454993.651170   0.999909
2454993.671604   1.000048
2454993.692038   0.999981
2454993.712473   1.000033
2454993.732907   1.000048
2454993.753342   1.000002
2454993.773776   0.999907
2454993.794211   0.999979
2454993.814645   1.000070
2454993.835079   1.000015
2454993.855514   1.000150
2454993.875948   0.999907
2454993.896383   1.000047
2454993.916817   0.999896
2454993.937252   1.000002
2454993.957686   1.000022
2454993.978121   0.999821
2454993.998555   0.999986
2454994.018989   1.000154
2454994.039424   1.000109
2454994.059858   0.999893
2454994.080293   0.999924
2454994.100727   0.999833
2454994.121162   0.999940
2454994.141596   0.999907
2454994.162030   1.000064
2454994.182465   1.000038
2454994.202899   0.999811
2454994.223334   0.999883
2454994.264203   0.999982
2454994.284637   0.999868
2454994.305072   1.000020
2454994.325506   1.000044
2454994.345940   1.000059
2454994.366375   0.999911
2454994.386809   1.000034
2454994.407244   1.000137
2454994.427678   0.999997
2454994.448113   1.000046
2454994.468547   1.000077
2454994.488981   0.999847
2454994.509416   0.999960
2454994.529850   0.999962
2454994.550285   1.000251
2454994.570719   1.000018
2454994.591154   1.000205
2454994.611588   0.999978
2454994.632022   1.000036
2454994.652457   0.999870
2454994.672891   1.000101
2454994.693326   1.000117
2454994.713760   1.000179
2454994.734195   1.000008
2454994.754629   0.999767
2454994.775064   1.000060
2454994.795498   0.999983
2454994.815932   1.000119
2454994.836367   1.000114
2454994.856801   0.999849
2454994.877236   0.999877
2454994.897670   0.999885
2454994.918105   1.000115
2454994.938539   0.999936
2454994.958973   1.000055
2454994.979408   0.999757
2454994.999842   0.999774
2454995.020277   0.999971
2454995.040711   0.999958
2454995.061146   1.000244
2454995.081580   0.999875
2454995.102015   0.999643
2454995.122449   0.999172
2454995.142883   0.999289
2454995.163318   0.999399
2454995.183752   0.999331
2454995.204187   0.999321
2454995.224621   0.999238
2454995.245056   0.999522
2454995.265490   1.000032
2454995.285924   1.000023
2454995.306359   1.000097
2454995.326793   1.000291
2454995.347228   0.999951
2454995.367662   1.000028
2454995.388097   0.999955
2454995.408531   0.999847
2454995.428965   1.000229
2454995.449400   0.999939
2454995.469834   1.000226
2454995.490269   0.999877
2454995.510703   0.999832
2454995.531137   1.000138
2454995.551571   1.000127
2454995.572006   1.000142
2454995.592440   0.999952
2454995.612875   0.999803
2454995.633309   1.000190
2454995.653744   0.999821
2454995.674178   0.999971
2454995.694613   1.000017
2454995.715047   1.000165
2454995.735481   0.999728
2454995.755916   1.000042
2454995.776350   1.000019
2454995.796785   0.999966
2454995.817219   1.000109
2454995.837654   1.000124
2454995.858088   1.000159
2454995.878522   0.999934
2454995.898957   0.999996
2454995.919391   1.000030
2454995.939826   1.000037
2454995.960260   0.999930
2454995.980695   1.000105
2454996.001129   0.999976
2454996.021563   0.999856
2454996.041998   0.999991
2454996.062432   0.999958
2454996.082867   1.000120
2454996.103301   1.000051
2454996.123736   0.999809
2454996.144170   1.000111
2454996.164604   0.999802
2454996.185039   1.000007
2454996.205473   1.000194
2454996.225908   1.000079
2454996.246342   0.999927
2454996.266777   0.999748
2454996.287211   0.999936
2454996.307646   0.999907
2454996.328080   1.000326
2454996.348514   1.000027
2454996.368949   1.000063
2454996.389383   1.000144
2454996.409818   0.999869
2454996.430252   1.000034
2454996.450686   0.999961
2454996.471121   1.000021
2454996.491555   0.999940
2454996.511990   0.999923
2454996.532424   0.999937
2454996.552859   0.999954
2454996.573293   1.000195
2454996.593728   1.000006
2454996.614162   1.000066
2454996.634597   0.999893
2454996.655031   1.000069
2454996.675465   0.999782
2454996.695900   0.999920
2454996.716334   1.000184
2454996.736769   1.000034
2454996.757203   1.000184
2454996.777638   0.999874
2454996.798072   0.999861
2454996.818506   1.000132
2454996.838941   0.999767
2454996.859375   1.000095
2454996.879810   0.999878
2454996.900244   0.999994
2454996.920679   0.999943
2454996.941113   1.000112
2454996.961547   1.000078
2454996.981982   0.999629
2454997.002416   1.000197
2454997.022851   1.000093
2454997.043285   1.000019
2454997.063720   0.999855
2454997.084154   0.999749
2454997.104589   0.999848
2454997.125023   0.999888
2454997.145457   1.000110
2454997.165892   0.999957
2454997.186326   0.999847
2454997.206761   0.999831
2454997.247629   0.999955
2454997.268064   0.999923
2454997.288498   1.000203
2454997.308933   1.000175
2454997.329367   0.999835
2454997.349802   0.999881
2454997.370236   0.999864
2454997.390671   1.000237
2454997.411105   0.999996
2454997.431539   1.000185
2454997.451974   0.999924
2454997.472408   0.999951
2454997.492843   1.000118
2454997.513277   1.000140
2454997.533712   1.000260
2454997.554146   1.000114
2454997.574580   0.999997
2454997.595015   0.999944
2454997.615449   1.000034
2454997.635884   0.999954
2454997.656318   0.999991
2454997.676753   1.000292
2454997.697187   0.999952
2454997.717622   0.999841
2454997.738056   0.999766
2454997.758490   0.999866
2454997.778925   1.000094
2454997.799359   0.999939
2454997.819794   1.000106
2454997.840228   1.000060
2454997.860663   0.999774
2454997.881097   0.999796
2454997.901531   0.999852
2454997.921966   0.999840
2454997.942400   0.999815
2454997.962835   0.999804
2454997.983269   0.999835
